"H1"||"A"||||0|||20|||||0|0|0|0|1|2|95|97|100|92|95|100|45|76|100|15|46|90||65.4|||0.1|||3|||14.8|||31.4|||16.1|||19.6||||||||10|15|20||||0.5|1.25|2||||1.25|1.38|1.5|||||1.45|||14|28|42|0.12|0.15|0.18|||||19.8|||10.6|||44||0|1.5|2.9|16|20.5|25|3|5|7|0|0|4|".20"|".20"|0|0|0|0|0|0|0|0|0|0|0|0|3.6|6.6|9.5|2.7|4.9|7.1|1|2.4|4.4|3.6|4.6|5.5|||||||||||||||||||||||||||||||||"6815879"|"18950545"
"H2"||"B"||1||20|||104|||||0|0|0|0|1|2|95|97|100|92|95|100|55|80|100|28|50|80||65.4|||0.1|||3|||14.8|||31.4|||16.1|||19.6||||||||10|15|27||||0|0.25|0.5||||1.4|1.5|1.6|||||1.57|||4|9|14|0.12|0.15|0.18|||||19.3|||10.1|||40||0|1.5|2.9|16|20.5|25|3|5|7|0|0|3|".20"|".20"|0|0|0|0|0|0|0|0|0|0|0|0|2.5|4.3|6.1|1.9|3.2|4.6|1|2.4|4.4|3.6|4.6|5.5|||||||||||||||||||||||||||||||||"6815879"|"18950595"
"H3"||"C"||||104|||178|||||0|0|0|0|1|2|85|95|100|80|90|100|40|60|100|12|40|95||65|||4|||14.2|||18|||19.3|||9.5|||17||||||||5|18|40||||0|0.25|0.5||||1.35|1.48|1.6|||||1.58|||0.01|2|4|0.12|0.15|0.18|||||20.5|||12|||39||0|2|4|12|28|44|1|9.5|18|0|0|19|".24"|".24"|0|0|0|0|0|0|0|0|0|0|0|0|1.2|5.6|11.1|0.9|4.2|8.3|1|2.4|4.4|3.6|4.6|5.5|||||||||||||||||||||||||||||||||"6815879"|"18950645"
"H3"||"C"||||104|||178|||||0|0|0|0|1|2|85|95|100|80|90|100|40|60|100|12|40|95||65|||4|||14.2|||18|||19.3|||9.5|||17||||||||5|18|40||||0|0.25|0.5||||1.35|1.48|1.6|||||1.58|||0.01|2|4|0.12|0.15|0.18|||||20.5|||12|||39||0|2|4|12|28|44|1|9.5|18|0|0|19|".24"|".24"|0|0|0|0|0|0|0|0|0|0|0|0|1.2|5.6|11.1|0.9|4.2|8.3|1|2.4|4.4|3.6|4.6|5.5|||||||||||||||||||||||||||||||||"6815874"|"18950583"
"H1"||"A"||||0|||20|||||0|0|0|0|1|2|95|97|100|92|95|100|45|76|100|15|46|90||65.4|||0.1|||3|||14.8|||31.4|||16.1|||19.6||||||||10|15|20||||0.5|1.25|2||||1.25|1.38|1.5|||||1.45|||14|28|42|0.12|0.15|0.18|||||19.8|||10.6|||44||0|1.5|2.9|16|20.5|25|3|5|7|0|0|4|".20"|".20"|0|0|0|0|0|0|0|0|0|0|0|0|3.6|6.6|9.5|2.7|4.9|7.1|1|2.4|4.4|3.6|4.6|5.5|||||||||||||||||||||||||||||||||"6815874"|"18950682"
"H2"||"B"||1||20|||104|||||0|0|0|0|1|2|95|97|100|92|95|100|55|80|100|28|50|80||65.4|||0.1|||3|||14.8|||31.4|||16.1|||19.6||||||||10|15|27||||0|0.25|0.5||||1.4|1.5|1.6|||||1.57|||4|9|14|0.12|0.15|0.18|||||19.3|||10.1|||40||0|1.5|2.9|16|20.5|25|3|5|7|0|0|3|".20"|".20"|0|0|0|0|0|0|0|0|0|0|0|0|2.5|4.3|6.1|1.9|3.2|4.6|1|2.4|4.4|3.6|4.6|5.5|||||||||||||||||||||||||||||||||"6815874"|"18950731"
"H1"||"A"||||0|||10|||||0|0|0|0|0|0|98|99|100|95|97.5|100|50|88|100|5|66|90||44|||4.3|||5.9|||7.8|||13.6|||12.4|||40||||||||5|16|27||||2|3.5|5||||1.3|1.4|1.55|||||1.46|||4|9|14|0.18|0.19|0.2|||||28.3|||13.4|||43||0|1.5|2.9|12|21.5|31|1|6|11|0|1|9|".24"|".24"|0|0|0|0|0|0|0|0|0|0|0|0|8|11.9|18|6|8.9|13.5|1|2.4|4.4|4.5|5|5.5|||||||||||||||||||||||||||||||||"6815920"|"18950607"
"H2"||"C"||1||10|||132|||||0|0|0|0|0|0|98|99|100|95|97.5|100|50|80|100|5|40|80||40|||3|||4|||9.5|||14.6|||8.9|||40||||||||5|20|27||||0|1.5|3||||1.4|1.55|1.7|||||1.62|||4|9|14|0.05|0.12|0.19|||||23.3|||14.9|||38||0|1.5|2.9|12|21.5|31|1|6|11|0|0|7|".15"|".15"|0|0|0|0|0|0|0|0|0|0|0|0|1.2|8.4|13.5|0.9|6.3|10.1|1|2.4|4.4|4.5|5|5.5|||||||||||||||||||||||||||||||||"6815920"|"18950657"
"H3"||"C"||5||132|||188|||||0|0|0|0|2|3|85|88|100|50|62|100|25|40|95|2|7|75||92|||5|||15|||45|||15|||12|||3||||||||1|5|20||||0|1.5|3||||1.5|1.6|1.7|||||1.68|||42|92|141|0.04|0.1|0.16||11.6|||9.1|||4.2|||27||1|1.2|1.5|8|16.5|25|0|4|8|0|0|3|".05"|".10"|0|0|0|0|0|0|0|0|0|0|0|0|0.2|5.9|11.8|0.1|4.4|8.8|1|2.4|4.4|4.5|5|5.5|||||||||||||||||||||||||||||||||"6815920"|"18950706"
"H1"||"A"||||0|||51|||||0|0|0|0|0|0|100|100|100|98|99|100|90|95|100|80|90|95||||||||||||||||||||||||||||27|33.5|40||||10|17.5|25||||1.1|1.18|1.25|||||1.47|||1.4|8|14|0.21|0.22|0.23|||||39.4|||33.5|||46||6|7.5|8.9|40|77|90|16|20.5|25|12|29|39|".32"|".32"|0|0|0|0|0|0|0|0|0|0|0|0|32|52.4|70.2|24|39.3|52.6|1|2.4|4.4|6.1|7.3|8.4|||||||||||||||||||||||||||||||||"6815919"|"18950604"
"H2"||"C"||1||51|||152|||||0|0|0|0|0|0|100|100|100|98|99|100|90|95|100|80|90|95||5.5|||0.2|||0.3|||0.6|||1.7|||2.7|||47||||||||35|47.5|60||||5|12.5|20||||1.3|1.45|1.6|||||1.8|||0.01|0.2|0.42|0.12|0.13|0.14|||||35.2|||31.6|||37||6|7.5|8.9|40|77|90|22|30.5|39|16|36|50|".24"|".24"|0|0|0|0|0|0|0|0|0|0|0|0|23.5|43.8|66|17.6|32.8|49.5|1|2.4|4.4|6.1|7.3|8.4|||||||||||||||||||||||||||||||||"6815919"|"18950654"
"H3"||"C"||2||152|||203|||||0|0|0|0|0|0|99|99.5|100|98|99|100|49|74.5|100|5|50|95||||||||||||||||||||||||||||5|35|60||||5|12.5|20||||1.3|1.45|1.6|||||1.8|||0.01|0.2|0.42|0.12|0.17|0.22|||||35.2|||31.6|||37||6|7.5|8.9|15|67|90|1|20|39|0|8|50|".24"|".24"|0|0|0|0|0|0|0|0|0|0|0|0|13|39.2|66|9.8|29.4|49.5|1|2.4|4.4|6.1|7.3|8.4|||||||||||||||||||||||||||||||||"6815919"|"18950703"
"H2"||"H"||2||23|||160|||||0|0|0|0|0|0|100|100|100|100|100|100|60|85|90|30|45|55||60.7|||1.4|||8.9|||16.1|||22|||12.3|||12.8||||||||18|26.5|35||||0|0|0||||1.3|1.4|1.45|||||1.46|||4|9|14|0.12|0.15|0.17|||||24|||15.6|||45||0|1.5|2.9|23|31|38|6|10|14|0|1|5|".28"|".28"|0|0|0|0|0|0|0|0|0|0|0|0|4.5|6.6|8.8|3.4|5|6.6|1|2.4|4.4|4.5|5|5.5|||||||||||||||||||||||||||||||||"6815913"|"18950587"
"H1"||"H"||1||0|||23|||||0|0|0|0|0|0|100|100|100|100|100|100|50|78|85|15|48|55||83.5|||0.4|||5.8|||18.5|||36.3|||22.5|||9.5||||||||3|7|11||||0.5|1.25|2||||1.25|1.35|1.45|||||1.41|||14|28|42|0.06|0.09|0.11|||||15.4|||5.9|||46||0|1.5|2.9|10|13|17|0|0|2|0|0|0|".28"|".28"|0|0|0|0|0|0|0|0|0|0|0|0|1.9|4.6|7.2|1.4|3.4|5.4|1|2.4|4.4|4.5|5|5.5|||||||||||||||||||||||||||||||||"6815913"|"18950735"
"H1"||"A"||1||0|||30|||||0|0|0|0|0|0|98|99|100|95|97.5|100|57|75|100|28|46|90||67.3|||0.1|||3.1|||15.3|||32.3|||16.5|||20.2||||||||5|12.5|18||||1|3.5|6||||1.3|1.45|1.6|||||1.52|||14|28|42|0.14|0.15|0.16|||||21.7|||12.8|||41||0|1.5|2.9|12|17.5|23|1|4|7|0|0|4|".24"|".24"|0|0|0|0|0|0|0|0|0|0|0|0|3.5|10.9|18|2.6|8.2|13.5|1|2.4|4.4|3.6|5.1|6.5|||||||||||||||||||||||||||||||||"6815882"|"18950553"
"H2"||"B"||1||30|||183|||||0|0|0|0|0|0|96|98|100|95|97.5|100|80|90|100|35|70|95||40|||0|||||||||||||||33.5||||||||18|26.5|50||||0.5|0.75|1||||1.4|1.48|1.55|||||1.55|||4|9|14|0.12|0.16|0.19|||||30.4|||16.4|||41||0|1.5|2.9|23|31|39|7|11.5|16|0|6|16|".15"|".15"|0|0|0|0|0|0|0|0|0|0|0|0|5.6|8.2|11|4.2|6.1|8.2|1|2.4|4.4|3.6|4.6|5.5|||||||||||||||||||||||||||||||||"6815882"|"18950603"
"H1"||"H"||1||0|||36|||||0|0|0|0|0|8|85|100|100|80|100|100|48|65|95|24|35|75||67.9|||4.5|||14.5|||18|||20.2|||10.7|||19.6||||||||7|12.5|18||||0.5|1.25|2||||1.3|1.35|1.4|||||1.41|||14|28|42|0.1|0.14|0.17|||||18.4|||8.7|||46||0|1.5|2.9|15|20|25|0|7.5|15|0|0|8|".28"|".28"|0|0|0|0|0|0|0|0|0|0|0|0|2.9|5.9|9|2.2|4.5|6.8|1|2.4|4.4|4.5|5.3|6|||||||||||||||||||||||||||||||||"6815871"|"18950624"
"H2"||"H"||2||36|||89|||||0|0|0|0|2|3|75|100|100|65|100|100|52|95|100|23|75|80||35.2|||3.2|||4.4|||6.1|||11|||10.5|||38.3||||||||18|26.5|35||||0|0.25|0.5||||1.35|1.4|1.45|||||1.46|||1.4|8|14|0.1|0.14|0.18|||||30|||15.7|||44||0|1.5|2.9|20|35|50|8|19|30|0|12|24|".28"|".28"|0|0|0|0|0|0|0|0|0|0|0|0|4.5|7.2|9.9|3.4|5.4|7.4|1|2.4|4.4|4.5|5.3|6|||||||||||||||||||||||||||||||||"6815871"|"18950674"
"H3"||"H"||3||89|||152|||||0|0|0|0|0|8|75|100|100|65|100|100|52|85|100|23|45|95||55.1|||1.5|||9|||15.2|||19.3|||10.1|||14.4||||||||21|30.5|40||||0|0.25|0.5||||1.45|1.53|1.6|||||1.75|||0.01|2|4|0.1|0.13|0.16|||||26.8|||19.9|||40||3|4.5|5.9|25|40|55|8|19|30|0|4|32|".20"|".20"|0|0|0|0|0|0|0|0|0|0|0|0|5.2|8.2|11.1|3.9|6.1|8.3|1|2.4|4.4|4.5|5.3|6|||||||||||||||||||||||||||||||||"6815871"|"18950723"
"H1"||"H"||1||0|||36|||||0|0|0|0|0|8|85|100|100|80|100|100|48|65|95|24|35|75||67.9|||4.5|||14.5|||18|||20.2|||10.7|||19.6||||||||7|12.5|18||||0.5|1.25|2||||1.3|1.35|1.4|||||1.41|||14|28|42|0.1|0.14|0.17|||||18.4|||8.7|||46||0|1.5|2.9|15|20|25|0|7.5|15|0|0|8|".28"|".28"|0|0|0|0|0|0|0|0|0|0|0|0|2.9|5.9|9|2.2|4.5|6.8|1|2.4|4.4|4.5|5.3|6|||||||||||||||||||||||||||||||||"6815885"|"18950611"
"H2"||"H"||2||36|||89|||||0|0|0|0|2|3|75|100|100|65|100|100|52|95|100|23|75|80||35.2|||3.2|||4.4|||6.1|||11|||10.5|||38.3||||||||18|26.5|35||||0|0.25|0.5||||1.35|1.4|1.45|||||1.46|||1.4|8|14|0.1|0.14|0.18|||||30|||15.7|||44||0|1.5|2.9|20|35|50|8|19|30|0|12|24|".28"|".28"|0|0|0|0|0|0|0|0|0|0|0|0|4.5|7.2|9.9|3.4|5.4|7.4|1|2.4|4.4|4.5|5.3|6|||||||||||||||||||||||||||||||||"6815885"|"18950661"
"H3"||"H"||3||89|||152|||||0|0|0|0|0|8|75|100|100|65|100|100|52|85|100|23|45|95||55.1|||1.5|||9|||15.2|||19.3|||10.1|||14.4||||||||21|30.5|40||||0|0.25|0.5||||1.45|1.53|1.6|||||1.75|||0.01|2|4|0.1|0.13|0.16|||||26.8|||19.9|||40||3|4.5|5.9|25|40|55|8|19|30|0|4|32|".20"|".20"|0|0|0|0|0|0|0|0|0|0|0|0|5.2|8.2|11.1|3.9|6.1|8.3|1|2.4|4.4|4.5|5.3|6|||||||||||||||||||||||||||||||||"6815885"|"18950710"
"H2"||"H"||2||25|||123|||||0|0|0|0|0|0|100|100|100|95|100|100|76|90|100|33|53|95||47.8|||4.4|||7.4|||11.9|||15.5|||8.6|||7.2||||||||30|45|60||||0|0|0||||1.45|1.53|1.6|||||1.9|||0.42|1|1.4|0.13|0.16|0.18|||||32.2|||24.8|||40||6|7.5|8.9|34|40|61|12|20|27|0|7|31|".32"|".32"|0|0|0|0|0|0|0|0|0|0|0|0|7.5|11.2|15|5.6|8.4|11.2|4.4|8.6|13.9|5.1|6.8|8.4|||||||||||||||||||||||||||||||||"6815896"|"18950591"
"H3"||"H"||3||123|||152|||||0|0|0|0|0|0|30|40|100|10|28|100|6|17|70|3|8|40||65.9|||4.3|||14.1|||17.5|||19.6|||10.4|||19.1||||||||5|15|20||||0|0|0||||1.2|1.3|1.4|||||1.74|||1.4|2|4|0.12|0.14|0.16|||||7.9|||3.6|||21||3|4.5|5.9|12|20|25|0|4|7|0|0|0|".05"|".28"|0|0|0|0|0|0|0|0|0|0|0|0|1.2|3.8|5|0.9|2.8|3.8|4.4|8.6|13.9|6.1|7|8.4|||||||||||||||||||||||||||||||||"6815896"|"18950641"
"H1"||"H"||1||0|||25|||||0|0|0|0|0|0|100|100|100|95|100|100|57|65|70|28|35|40||67.9|||4.5|||14.5|||18|||20.2|||10.7|||19.6||||||||5|12.5|20||||2|5|8||||1.2|1.3|1.4|||||1.36|||14|28|42|0.1|0.13|0.15|||||22.1|||13|||46||0|1.5|2.9|10|12|25|0|3|7|0|0|0|".24"|".24"|0|0|0|0|0|0|0|0|0|0|0|0|5.8|14.4|23|4.3|10.8|17.2|4.4|8.6|13.9|4.5|5.5|6.5|||||||||||||||||||||||||||||||||"6815896"|"18950739"
"H1"||"H"||1||0|||28|||||0|0|0|0|0|0|90|100|100|80|100|100|48|78|85|24|48|55||46|||4.5|||5.3|||9.2|||15.3|||11.7|||44||||||||5|10|15||||0.5|0.75|1||||1.3|1.38|1.45|||||1.44|||4|9|14|0.14|0.17|0.2|||||16.9|||7.2|||45||0|1.5|2.9|15|22.5|30|0|5|10|0|0|3|".37"|".37"|0|0|0|0|0|0|0|0|0|0|0|0|2.9|5.2|7.5|2.2|3.9|5.6|1|2.4|4.4|3.6|4.6|5.5|||||||||||||||||||||||||||||||||"6815894"|"18950586"
"H2"||"H"||2||28|||123|||||0|0|0|0|0|0|90|100|100|80|100|100|80|95|100|35|75|85||28.1|||1.7|||2.4|||5.4|||10.2|||8.4|||29.4||||||||35|42.5|50||||0|0.25|0.5||||1.45|1.53|1.6|||||1.75|||1.4|3|4|0.12|0.16|0.19|||||35|||23.8|||40||3|4.5|5.9|35|47.5|60|16|28|40|1|20|36|".28"|".28"|0|0|0|0|0|0|0|0|0|0|0|0|12.2|15.4|18.6|9.2|11.6|14|1|2.4|4.4|3.6|4.6|5.5|||||||||||||||||||||||||||||||||"6815894"|"18950636"
"H3"||"H"||3||123|||152|||||0|0|0|0|0|0|90|100|100|80|100|100|48|85|90|24|45|55||60|||5.6|||14.3|||14.5|||16|||9.6|||22.5||||||||5|17.5|30||||0|0.25|0.5||||1.3|1.4|1.5|||||1.46|||4|23|42|0.05|0.1|0.14|||||20.2|||10.6|||45||0|1.5|2.9|15|22.5|30|0|5|10|0|0|3|".17"|".17"|0|0|0|0|0|0|0|0|0|0|0|0|1.8|6.7|11.6|1.3|5|8.7|1|2.4|4.4|3.6|4.6|5.5|||||||||||||||||||||||||||||||||"6815894"|"18950686"
"H3"||"H"||3||135|||152|||||0|0|0|0|0|0|100|100|100|95|100|100|48|85|90|14|45|55||61.4|||4.5|||6.1|||14.6|||22.4|||13.8|||18.6||||||||5|20|35||||0|0.25|0.5||||1.35|1.48|1.6|||||1.55|||1.4|22|42|0.08|0.11|0.14|||||21.9|||12.8|||42||0|1.5|2.9|15|25|35|0|7.5|15|0|0|5|".32"|".32"|0|0|0|0|0|0|0|0|0|0|0|0||7|||2.4||1|2.4|4.4|3.6|4.6|5.5|||||||||||||||||||||||||||||||||"6815926"|"18950574"
"H1"||"H"||1||0|||23|||||0|0|0|0|0|0|100|100|100|95|100|100|81|87.5|100|57|67.5|90||29.3|||2.4|||3.5|||4.8|||9.2|||9.4|||53.7||||||||7|17|27||||0.5|1.25|2||||1.3|1.38|1.45|||||1.44|||1.4|8|14|0.12|0.14|0.15|||||26.7|||11|||45||0|1.5|2.9|15|25|35|0|7.5|15|0|2|13|".32"|".32"|0|0|0|0|0|0|0|0|0|0|0|0||8|||2.4||1|2.4|4.4|3.6|5.1|6.5|||||||||||||||||||||||||||||||||"6815926"|"18950673"
"H2"||"H"||2||23|||135|||||0|0|0|0|0|0|100|100|100|95|100|100|86|95|100|66|85|95||23.3|||3.2|||3.7|||4.3|||6.5|||5.6|||29.2||||||||35|47.5|60||||0|0.25|0.5||||1.3|1.38|1.45|||||1.57|||0.42|1|1.4|0.12|0.14|0.15|||||38.9|||25.8|||45||3|4.5|5.9|40|55|70|24|33.5|43|13|30|47|".32"|".32"|0|0|0|0|0|0|0|0|0|0|0|0||11|||5.1||1|2.4|4.4|3.6|4.6|5.5|||||||||||||||||||||||||||||||||"6815926"|"18950722"
"H1"||"A"||1||0|||30|||||0|0|0|0|0|0|98|99|100|95|97.5|100|57|75|100|28|46|90||67.3|||0.1|||3.1|||15.3|||32.3|||16.5|||20.2||||||||5|12.5|18||||1|3.5|6||||1.3|1.45|1.6|||||1.52|||14|28|42|0.14|0.15|0.16|||||21.7|||12.8|||41||0|1.5|2.9|12|17.5|23|1|4|7|0|0|4|".24"|".24"|0|0|0|0|0|0|0|0|0|0|0|0|3.5|10.9|18|2.6|8.2|13.5|1|2.4|4.4|3.6|5.1|6.5|||||||||||||||||||||||||||||||||"6815877"|"18950640"
"H2"||"B"||1||30|||183|||||0|0|0|0|0|0|96|98|100|95|97.5|100|80|90|100|35|70|95||40|||0|||||||||||||||33.5||||||||18|26.5|50||||0.5|0.75|1||||1.4|1.48|1.55|||||1.55|||4|9|14|0.12|0.16|0.19|||||30.4|||16.4|||41||0|1.5|2.9|23|31|39|7|11.5|16|0|6|16|".15"|".15"|0|0|0|0|0|0|0|0|0|0|0|0|5.6|8.2|11|4.2|6.1|8.2|1|2.4|4.4|3.6|4.6|5.5|||||||||||||||||||||||||||||||||"6815877"|"18950690"
"H3"||"H"||3||135|||152|||||0|0|0|0|0|0|100|100|100|95|100|100|48|85|90|14|45|55||61.4|||4.5|||6.1|||14.6|||22.4|||13.8|||18.6||||||||5|20|35||||0|0.25|0.5||||1.35|1.48|1.6|||||1.55|||1.4|22|42|0.08|0.11|0.14|||||21.9|||12.8|||42||0|1.5|2.9|15|25|35|0|7.5|15|0|0|4|".32"|".32"|0|0|0|0|0|0|0|0|0|0|0|0||7|||2.4||1|2.4|4.4|3.6|4.6|5.5|||||||||||||||||||||||||||||||||"6815866"|"18950561"
"H1"||"H"||1||0|||23|||||0|0|0|0|0|0|100|100|100|95|100|100|81|87.5|100|57|67.5|90||29.3|||2.4|||3.5|||4.8|||9.2|||9.4|||53.7||||||||7|17|27||||0.5|1.25|2||||1.3|1.38|1.45|||||1.44|||1.4|8|14|0.12|0.14|0.15|||||26.7|||11|||45||0|1.5|2.9|15|25|35|0|7.5|15|0|2|13|".32"|".32"|0|0|0|0|0|0|0|0|0|0|0|0||8|||2.4||1|2.4|4.4|3.6|5.1|6.5|||||||||||||||||||||||||||||||||"6815866"|"18950660"
"H2"||"H"||2||23|||135|||||0|0|0|0|0|0|100|100|100|95|100|100|86|95|100|66|85|95||23.3|||3.2|||3.7|||4.3|||6.5|||5.6|||29.2||||||||35|47.5|60||||0|0.25|0.5||||1.3|1.38|1.45|||||1.57|||0.42|1|1.4|0.12|0.14|0.15|||||38.9|||25.8|||45||3|4.5|5.9|40|55|70|24|33.5|43|13|28|49|".32"|".32"|0|0|0|0|0|0|0|0|0|0|0|0||11|||5.1||1|2.4|4.4|3.6|4.6|5.5|||||||||||||||||||||||||||||||||"6815866"|"18950709"
"H1"||"H"||1||0|||30|||||0|0|0|0|0|0|100|100|100|100|100|100|60|78|95|30|48|75||67.5|||0.3|||4.7|||15|||29.3|||18.2|||21||||||||5|11.5|18||||0.5|1.25|2||||1.45|1.53|1.6|||||1.6|||14|28|42|0.1|0.13|0.15|||||19.4|||9.7|||40||0|1.5|2.9|12|17|23|0|3|6|0|0|2|".28"|".28"|0|0|0|0|0|0|0|0|0|0|0|0|2.4|5.7|9|1.8|4.3|6.8|1|2.4|4.4|4.5|5.3|6|||||||||||||||||||||||||||||||||"6815932"|"18950590"
"H2"||"H"||2||30|||183|||||0|0|0|0|0|0|100|100|100|100|100|100|80|85|100|35|45|80||55.8|||1.3|||8.2|||14.8|||20.2|||11.3|||17.7||||||||18|26.5|35||||0|0.25|0.5||||1.35|1.43|1.5|||||1.5|||4|9|14|0.12|0.16|0.2|||||24.4|||16.2|||44||0|1.5|2.9|23|30|31|6|10|14||||".32"|".32"|0|0|0|0|0|0|0|0|0|0|0|0|4.5|7.2|9.9|3.4|5.4|7.4|1|2.4|4.4|4.5|5.3|6|||||||||||||||||||||||||||||||||"6815932"|"18950738"
"H1"||"A"||1||0|||30|||||0|0|0|0|0|0|98|99|100|95|97.5|100|57|75|100|28|46|90||67.3|||0.1|||3.1|||15.3|||32.3|||16.5|||20.2||||||||5|12.5|18||||1|3.5|6||||1.3|1.45|1.6|||||1.52|||14|28|42|0.14|0.15|0.16|||||21.7|||12.8|||41||0|1.5|2.9|12|17.5|23|1|4|7|0|0|4|".24"|".24"|0|0|0|0|0|0|0|0|0|0|0|0|3.5|10.9|18|2.6|8.2|13.5|1|2.4|4.4|3.6|5.1|6.5|||||||||||||||||||||||||||||||||"6815928"|"18950579"
"H2"||"B"||1||30|||183|||||0|0|0|0|0|0|96|98|100|95|97.5|100|80|90|100|35|70|95||40|||0|||||||||||||||33.5||||||||18|26.5|50||||0.5|0.75|1||||1.4|1.48|1.55|||||1.55|||4|9|14|0.12|0.16|0.19|||||30.4|||16.4|||41||0|1.5|2.9|23|31|39|7|11.5|16|0|6|16|".15"|".15"|0|0|0|0|0|0|0|0|0|0|0|0|5.6|8.2|11|4.2|6.1|8.2|1|2.4|4.4|3.6|4.6|5.5|||||||||||||||||||||||||||||||||"6815928"|"18950629"
"H1"||"A"||1||0|||30|||||0|0|0|0|0|0|98|99|100|95|97.5|100|57|75|100|28|46|90||67.3|||0.1|||3.1|||15.3|||32.3|||16.5|||20.2||||||||5|12.5|18||||1|3.5|6||||1.3|1.45|1.6|||||1.52|||14|28|42|0.14|0.15|0.16|||||21.7|||12.8|||41||0|1.5|2.9|12|17.5|23|1|4|7|0|0|4|".24"|".24"|0|0|0|0|0|0|0|0|0|0|0|0|3.5|10.9|18|2.6|8.2|13.5|1|2.4|4.4|3.6|5.1|6.5|||||||||||||||||||||||||||||||||"6815868"|"18950566"
"H2"||"B"||1||30|||183|||||0|0|0|0|0|0|96|98|100|95|97.5|100|80|90|100|35|70|95||40|||0|||||||||||||||33.5||||||||18|26.5|50||||0.5|0.75|1||||1.4|1.48|1.55|||||1.55|||4|9|14|0.12|0.16|0.19|||||30.4|||16.4|||41||0|1.5|2.9|23|31|39|7|11.5|16|0|6|16|".15"|".15"|0|0|0|0|0|0|0|0|0|0|0|0|5.6|8.2|11|4.2|6.1|8.2|1|2.4|4.4|3.6|4.6|5.5|||||||||||||||||||||||||||||||||"6815868"|"18950616"
"H2"||"C"||1||51|||152|||||0|0|0|0|0|0|100|100|100|98|99|100|90|95|100|80|90|95||5.5|||0.2|||0.3|||0.6|||1.7|||2.7|||47||||||||35|47.5|60||||5|12.5|20||||1.3|1.45|1.6|||||1.8|||0.01|0.2|0.42|0.12|0.13|0.14|||||35.2|||31.6|||37||6|7.5|8.9|40|77|90|22|30.5|39|16|36|50|".24"|".24"|0|0|0|0|0|0|0|0|0|0|0|0|23.5|43.8|66|17.6|32.8|49.5|1|2.4|4.4|6.1|7.3|8.4|||||||||||||||||||||||||||||||||"6815921"|"18950560"
"H3"||"C"||2||152|||203|||||0|0|0|0|0|0|99|99.5|100|98|99|100|49|74.5|100|5|50|95||15|||0|||0|||5|||5|||5|||50||||||||5|35|60||||5|12.5|20||||1.3|1.45|1.6|||||1.8|||0.01|0.2|0.42|0.12|0.17|0.22|||||35.2|||31.6|||37||6|7.5|8.9|15|67|90|1|20|39|0|8|50|".24"|".24"|0|0|0|0|0|0|0|0|0|0|0|0|13|39.2|66|9.8|29.4|49.5|1|2.4|4.4|6.1|7.3|8.4|||||||||||||||||||||||||||||||||"6815921"|"18950610"
"H1"||"A"||||0|||51|||||0|0|0|0|0|0|100|100|100|98|99|100|90|95|100|80|90|95||15|||0|||0|||5|||5|||5|||51.5||||||||27|33.5|40||||10|17.5|25||||1.1|1.18|1.25|||||1.47|||1.4|8|14|0.21|0.22|0.23|||||39.4|||33.5|||46||6|7.5|8.9|40|77|90|16|20.5|25|12|29|39|".32"|".32"|0|0|0|0|0|0|0|0|0|0|0|0|32|52.4|70.2|24|39.3|52.6|1|2.4|4.4|6.1|7.3|8.4|||||||||||||||||||||||||||||||||"6815921"|"18950708"
"H2"||"C"||1||10|||132|||||0|0|0|0|0|0|98|99|100|95|97.5|100|50|80|100|5|40|80||40|||3|||4|||9.5|||14.6|||8.9|||40||||||||5|20|27||||0|1.5|3||||1.4|1.55|1.7|||||1.62|||4|9|14|0.05|0.12|0.19|||||23.3|||14.9|||38||0|1.5|2.9|12|21.5|31|1|6|11|0|0|7|".15"|".15"|0|0|0|0|0|0|0|0|0|0|0|0|1.2|8.4|13.5|0.9|6.3|10.1|1|2.4|4.4|4.5|5|5.5|||||||||||||||||||||||||||||||||"6815897"|"18950594"
"H3"||"C"||5||132|||188|||||0|0|0|0|2|3|85|88|100|50|62|100|25|40|95|2|7|75||92|||5|||15|||45|||15|||12|||3||||||||1|5|20||||0|1.5|3||||1.5|1.6|1.7|||||1.68|||42|92|141|0.04|0.1|0.16||11.6|||9.1|||4.2|||27||1|1.2|1.5|8|16.5|25|0|4|8|0|0|3|".05"|".10"|0|0|0|0|0|0|0|0|0|0|0|0|0.2|5.9|11.8|0.1|4.4|8.8|1|2.4|4.4|4.5|5|5.5|||||||||||||||||||||||||||||||||"6815897"|"18950644"
"H1"||"A"||||0|||10|||||0|0|0|0|0|0|98|99|100|95|97.5|100|50|88|100|5|66|90||44|||4.3|||5.9|||7.8|||13.6|||12.4|||40||||||||5|16|27||||2|3.5|5||||1.3|1.4|1.55|||||1.46|||4|9|14|0.18|0.19|0.2|||||28.3|||13.4|||43||0|1.5|2.9|12|21.5|31|1|6|11|0|1|9|".24"|".24"|0|0|0|0|0|0|0|0|0|0|0|0|8|11.9|18|6|8.9|13.5|1|2.4|4.4|4.5|5|5.5|||||||||||||||||||||||||||||||||"6815897"|"18950742"
"H3"||"H"||3||132|||152|||||0|0|0|0|1|2|90|100|100|85|100|100|51|85|95|26|45|60||55.1|||1.5|||9|||15.2|||19.3|||10.1|||14.4||||||||21|30.5|40||||0|0.25|0.5||||1.45|1.53|1.6|||||1.75|||0.01|2|4|0.1|0.13|0.16|||||26.6|||19.8|||40||3|4.5|5.9|25|40|55|8|19|30|0|4|15|".20"|".20"|0|0|0|0|0|0|0|0|0|0|0|0||8|||2.7||1|2.4|4.4|4.5|5.3|6|||||||||||||||||||||||||||||||||"6815880"|"18950548"
"H1"||"H"||1||0|||36|||||0|0|0|0|0|0|90|100|100|76|90|95|64|81|95|38|61|75||26.5|||2.5|||3.5|||4.7|||8.3|||7.5|||53.5||||||||15|20|25||||0.5|1.25|2||||1.35|1.4|1.45|||||1.47|||4|9|14|0.14|0.17|0.2|||||26.6|||12.1|||42||0|1.5|2.9|15|21.5|28|0|3.5|7|0|0|5|".43"|".43"|0|0|0|0|0|0|0|0|0|0|0|0|4.9|7.8|10.8|3.7|5.9|8.1|1|2.4|4.4|3.6|4.6|5.5|||||||||||||||||||||||||||||||||"6815880"|"18950647"
"H2"||"H"||2||36|||132|||||0|0|0|0|0|0|90|100|100|85|100|100|76|95|100|60|85|95||26.1|||1.7|||2.2|||5|||9.4|||7.8|||28.9||||||||35|45|55||||0|0.25|0.5||||1.4|1.45|1.5|||||1.65|||0.01|2|4|0.14|0.18|0.22|||||36.9|||24.8|||43||3|4.5|5.9|41|55.5|70|18|29|40|8|27|45|".32"|".32"|0|0|0|0|0|0|0|0|0|0|0|0|8.8|11.8|14.9|6.6|8.9|11.2|1|2.4|4.4|3.6|4.6|5.5|||||||||||||||||||||||||||||||||"6815880"|"18950696"
"H2"||"H"||2||25|||104|||||0|0|0|0|0|0|97.5|100|100|97.5|100|100|58|85|100|29|45|80||57|||1.3|||8.4|||15.1|||20.7|||11.5|||18||||||||10|25|35||||0|0|0||||1.4|1.45|1.5|||||1.52|||4|9|14|0.1|0.13|0.15|||||23.7|||15.2|||43||0|1.5|2.9|16|30|38|2|10|14|0|1|11|".24"|".24"|0|0|0|0|0|0|0|0|0|0|0|0|2.5|6.2|8.8|1.9|4.7|6.6|1|2.4|4.4|3.6|4.8|6|||||||||||||||||||||||||||||||||"6815891"|"18950578"
"H3"||"H"||3||104|||163|||||0|0|0|0|0|0|90|95|100|80|92.5|100|40|57|70|4|21|40||71.3|||0.6|||9|||24.3|||28.9|||8.5|||16.7||||||||1|12|20||||0|0|0||||1.4|1.45|1.5|||||1.52|||14|78|141|0.04|0.07|0.1||21.7|||16.8|||7.5|||41||0|1.5|2.9|8|18|25|0|3|7|0|0|0|".15"|".15"|0|0|0|0|0|0|0|0|0|0|0|0|0.1|3|5|0.1|2.2|3.8|1|2.4|4.4|3.6|4.8|6|||||||||||||||||||||||||||||||||"6815891"|"18950628"
"H1"||"H"||1||0|||25|||||0|0|0|0|0|0|97.5|100|100|97.5|100|100|49|78|85|14|48|55||68.8|||0.1|||3.2|||15.6|||33|||16.9|||16.2||||||||10|15|18||||0.5|1.25|2||||1.35|1.4|1.45|||||1.46|||14|28|42|0.1|0.13|0.16|||||20.6|||11.1|||44||0|1.5|2.9|14|18|23|1|3|6|0|0|0|".20"|".20"|0|0|0|0|0|0|0|0|0|0|0|0|3.1|5.8|9|2.3|4.4|6.8|1|2.4|4.4|3.6|4.8|6|||||||||||||||||||||||||||||||||"6815891"|"18950726"
"H2"||"H"||2||25|||104|||||0|0|0|0|0|0|97.5|100|100|97.5|100|100|58|85|100|29|45|80||57|||1.3|||8.4|||15.1|||20.7|||11.5|||18||||||||10|25|35||||0|0|0||||1.4|1.45|1.5|||||1.52|||4|9|14|0.1|0.13|0.15|||||23.7|||15.2|||43||0|1.5|2.9|16|30|38|2|10|14|0|1|11|".24"|".24"|0|0|0|0|0|0|0|0|0|0|0|0|2.5|6.2|8.8|1.9|4.7|6.6|1|2.4|4.4|3.6|4.8|6|||||||||||||||||||||||||||||||||"6815918"|"18950552"
"H3"||"H"||3||104|||163|||||0|0|0|0|0|0|90|95|100|80|92.5|100|40|57|70|4|21|40||71.3|||0.6|||9|||24.3|||28.9|||8.5|||16.7||||||||1|12|20||||0|0|0||||1.4|1.45|1.5|||||1.52|||14|78|141|0.04|0.07|0.1||21.7|||16.8|||7.5|||41||0|1.5|2.9|8|18|25|0|3|7|0|0|0|".15"|".15"|0|0|0|0|0|0|0|0|0|0|0|0|0.1|3|5|0.1|2.2|3.8|1|2.4|4.4|3.6|4.8|6|||||||||||||||||||||||||||||||||"6815918"|"18950602"
"H1"||"H"||1||0|||25|||||0|0|0|0|0|0|97.5|100|100|97.5|100|100|49|78|85|14|48|55||68.8|||0.1|||3.2|||15.6|||33|||16.9|||16.2||||||||10|15|18||||0.5|1.25|2||||1.35|1.4|1.45|||||1.46|||14|28|42|0.1|0.13|0.16|||||20.6|||11.1|||44||0|1.5|2.9|14|18|23|1|3|6|0|0|0|".20"|".20"|0|0|0|0|0|0|0|0|0|0|0|0|3.1|5.8|9|2.3|4.4|6.8|1|2.4|4.4|3.6|4.8|6|||||||||||||||||||||||||||||||||"6815918"|"18950700"
"H1"||"H"||1||0|||18|||||0|0|0|0|0|0|100|100|100|100|100|100|50|78|85|15|37|45||83.5|||0|||1.9|||14.5|||44|||23.1|||9.5||||||||2|7|12||||0.5|0.75|1||||1.25|1.35|1.45|||||1.41|||42|92|141|0.06|0.08|0.1||20.2|||14.6|||5.2|||46||0|1.5|2.9|9|13|18|0|0|3|0|0|0|".17"|".17"|0|0|0|0|0|0|0|0|0|0|0|0|1.6|3.4|5.2|1.2|2.6|3.9|1|2.4|4.4|3.6|5.3|5.5|||||||||||||||||||||||||||||||||"6815914"|"18950589"
"H2"||"H"||2||18|||107|||||0|0|0|0|0|0|100|100|100|100|100|100|70|78|90|28|48|55||70.5|||0.1|||3.3|||16|||33.8|||17.3|||16.5||||||||8|13|25||||0|0|0||||1.25|1.35|1.45|||||1.41|||14|28|42|0.1|0.13|0.15|||||17.6|||7.9|||47||0|1.5|2.9|14|19|30|1|4|10|0|0|3|".17"|".17"|0|0|0|0|0|0|0|0|0|0|0|0|2|3.2|6.2|1.5|2.4|4.7|1|2.4|4.4|4.5|5.3|6|||||||||||||||||||||||||||||||||"6815914"|"18950639"
"H3"||"H"||3||107|||183|||||0|0|0|0|0|0|100|100|100|100|100|100|50|73|85|5|28|45||72||||||||||||||||||18||||||||2|10|18||||0|0|0||||1.25|1.38|1.5|||||1.44|||14|78|141|0.04|0.07|0.1||16.5|||13.1|||6.3|||46||0|1.5|2.9|9|16|23|0|2|6|0|0|0|".17"|".20"|0|0|0|0|0|0|0|0|0|0|0|0|0.5|2.5|4.5|0.4|1.9|3.4|1|2.4|4.4|3.6|5.3|6.5|||||||||||||||||||||||||||||||||"6815914"|"18950689"
"H1"||"H"||1||0|||18|||||0|0|0|0|0|0|100|100|100|100|100|100|50|78|85|15|37|45||83.5|||0|||1.9|||14.5|||44|||23.1|||9.5||||||||2|7|12||||0.5|0.75|1||||1.25|1.35|1.45|||||1.41|||42|92|141|0.06|0.08|0.1||20.2|||14.6|||5.2|||46||0|1.5|2.9|9|13|18|0|0|3|0|0|0|".17"|".17"|0|0|0|0|0|0|0|0|0|0|0|0|1.6|3.4|5.2|1.2|2.6|3.9|1|2.4|4.4|3.6|5.3|5.5|||||||||||||||||||||||||||||||||"6815872"|"18950577"
"H2"||"H"||2||18|||107|||||0|0|0|0|0|0|100|100|100|100|100|100|70|78|90|28|48|55||70.5|||0.1|||3.3|||16|||33.8|||17.3|||16.5||||||||8|13|25||||0|0|0||||1.25|1.35|1.45|||||1.41|||14|28|42|0.1|0.13|0.15|||||17.6|||7.9|||47||0|1.5|2.9|14|19|30|1|4|10|0|0|3|".17"|".17"|0|0|0|0|0|0|0|0|0|0|0|0|2|3.2|6.2|1.5|2.4|4.7|1|2.4|4.4|4.5|5.3|6|||||||||||||||||||||||||||||||||"6815872"|"18950627"
"H3"||"H"||3||107|||183|||||0|0|0|0|0|0|100|100|100|100|100|100|50|73|85|5|28|45||72||||||||||||||||||18||||||||2|10|18||||0|0|0||||1.25|1.38|1.5|||||1.44|||14|78|141|0.04|0.07|0.1||16.5|||13.1|||6.3|||46||0|1.5|2.9|9|16|23|0|2|6|0|0|0|".17"|".20"|0|0|0|0|0|0|0|0|0|0|0|0|0.5|2.5|4.5|0.4|1.9|3.4|1|2.4|4.4|3.6|5.3|6.5|||||||||||||||||||||||||||||||||"6815872"|"18950677"
"H1"||"H"||1||0|||18|||||0|0|0|0|0|0|100|100|100|100|100|100|50|78|85|15|37|45||83.5|||0|||1.9|||14.5|||44|||23.1|||9.5||||||||2|7|12||||0.5|0.75|1||||1.25|1.35|1.45|||||1.41|||42|92|141|0.06|0.08|0.1||20.2|||14.6|||5.2|||46||0|1.5|2.9|9|13|18|0|0|3|0|0|0|".17"|".17"|0|0|0|0|0|0|0|0|0|0|0|0|1.6|3.4|5.2|1.2|2.6|3.9|1|2.4|4.4|3.6|5.3|5.5|||||||||||||||||||||||||||||||||"6815886"|"18950564"
"H2"||"H"||2||18|||107|||||0|0|0|0|0|0|100|100|100|100|100|100|70|78|90|28|48|55||70.5|||0.1|||3.3|||16|||33.8|||17.3|||16.5||||||||8|13|25||||0|0|0||||1.25|1.35|1.45|||||1.41|||14|28|42|0.1|0.13|0.15|||||17.6|||7.9|||47||0|1.5|2.9|14|19|30|1|4|10|0|0|3|".17"|".17"|0|0|0|0|0|0|0|0|0|0|0|0|2|3.2|6.2|1.5|2.4|4.7|1|2.4|4.4|4.5|5.3|6|||||||||||||||||||||||||||||||||"6815886"|"18950614"
"H3"||"H"||3||107|||183|||||0|0|0|0|0|0|100|100|100|100|100|100|50|73|85|5|28|45||72||||||||||||||||||18||||||||2|10|18||||0|0|0||||1.25|1.38|1.5|||||1.44|||14|78|141|0.04|0.07|0.1||16.5|||13.1|||6.3|||46||0|1.5|2.9|9|16|23|0|2|6|0|0|0|".17"|".20"|0|0|0|0|0|0|0|0|0|0|0|0|0.5|2.5|4.5|0.4|1.9|3.4|1|2.4|4.4|3.6|5.3|6.5|||||||||||||||||||||||||||||||||"6815886"|"18950664"
"H2"||"C"||1||15|||152|||||0|0|0|0|0|0|100|100|100|100|100|100|50|65|80|5|15|35||92.9|||0.6|||12.7|||36|||36.6|||7|||1.6||||||||1|5.5|10||||0|0.25|0.5||||1.6|1.65|1.7|||||1.68|||42|92|141|0.05|0.06|0.07||15|||11.2|||4.4|||36||0|0.7|1.5|8|9|10|0|1.5|3|0|0|0|".10"|".10"|0|0|0|0|0|0|0|0|0|0|0|0|0.2|1.8|3.6|0.2|1.4|2.7|1|2.4|4.4|4.5|5.5|6.5|||||||||||||||||||||||||||||||||"6815930"|"18950585"
"H1"||"A"||||0|||15|||||0|0|0|0|0|0|100|100|100|100|100|100|50|72|80|5|28|35||93.2|||0|||1.4|||17|||58.2|||16.6|||1.3||||||||1|5.5|10||||0.5|1.75|3||||1.35|1.52|1.7|||||1.55|||42|92|141|0.05|0.08|0.1||16.5|||13.2|||6.4|||40||0|0.7|1.5|8|9|10|0|1.5|3|0|0|0|".10"|".10"|0|0|0|0|0|0|0|0|0|0|0|0|1.4|5.2|9.2|1|3.9|6.9|1|2.4|4.4|3.6|4.8|6|||||||||||||||||||||||||||||||||"6815930"|"18950635"
"H2"||"B"||1||20|||104|||||0|0|0|0|1|2|95|97|100|92|95|100|55|80|100|28|50|80||65.4|||0.1|||3|||14.8|||31.4|||16.1|||19.6||||||||10|15|20||||0|0.25|0.5||||1.4|1.5|1.6|||||1.57|||4|9|14|0.12|0.15|0.18|||||19.3|||10.1|||40||0|1.5|2.9|16|20.5|25|3|5|7|0|0|3|".20"|".20"|0|0|0|0|0|0|0|0|0|0|0|0|2.5|4.3|6.1|1.9|3.2|4.6|1|2.4|4.4|3.6|4.6|5.5|||||||||||||||||||||||||||||||||"6815861"|"18950547"
"H3"||"C"||||104|||178|||||0|0|0|0|1|2|85|95|100|80|90|100|40|60|100|12|40|95||65||||||||||||||||||15||||||||5|20|40||||0|0.25|0.5||||1.35|1.48|1.6|||||1.58|||0.01|2|4|0.12|0.15|0.18|||||20.5|||12|||39||0|2|4|12|28|44|1|9.5|18|0|0|19|".24"|".24"|0|0|0|0|0|0|0|0|0|0|0|0|1.2|5.6|11.1|0.9|4.2|8.3|1|2.4|4.4|3.6|4.6|5.5|||||||||||||||||||||||||||||||||"6815861"|"18950597"
"H1"||"A"||||0|||20|||||0|0|0|0|1|2|95|97|100|92|95|100|45|76|100|15|46|90||65.4|||0.1|||3|||14.8|||31.4|||16.1|||19.6||||||||10|15|20||||0.5|1.25|2||||1.25|1.38|1.5|||||1.45|||14|28|42|0.12|0.15|0.18|||||19.8|||10.6|||44||0|1.5|2.9|16|20.5|25|3|5|7|0|0|4|".20"|".20"|0|0|0|0|0|0|0|0|0|0|0|0|3.6|6.6|9.5|2.7|4.9|7.1|1|2.4|4.4|3.6|4.6|5.5|||||||||||||||||||||||||||||||||"6815861"|"18950695"
"H1"||"A"||||0|||20|||||0|0|0|0|1|2|95|97|100|92|95|100|45|76|100|15|46|90||65.4|||0.1|||3|||14.8|||31.4|||16.1|||19.6||||||||10|15|20||||0.5|1.25|2||||1.25|1.38|1.5|||||1.45|||14|28|42|0.12|0.15|0.18|||||19.8|||10.6|||44||0|1.5|2.9|16|20.5|25|3|5|7|0|0|4|".20"|".20"|0|0|0|0|0|0|0|0|0|0|0|0|3.6|6.6|9.5|2.7|4.9|7.1|1|2.4|4.4|3.6|4.6|5.5|||||||||||||||||||||||||||||||||"6815889"|"18950622"
"H2"||"B"||1||20|||104|||||0|0|0|0|1|2|95|97|100|92|95|100|55|80|100|28|50|80||65.4|||0.1|||3|||14.8|||31.4|||16.1|||19.6||||||||10|15|20||||0|0.25|0.5||||1.4|1.5|1.6|||||1.57|||4|9|14|0.12|0.15|0.18|||||19.3|||10.1|||40||0|1.5|2.9|16|20.5|25|3|5|7|0|0|3|".20"|".20"|0|0|0|0|0|0|0|0|0|0|0|0|2.5|4.3|6.1|1.9|3.2|4.6|1|2.4|4.4|3.6|4.6|5.5|||||||||||||||||||||||||||||||||"6815889"|"18950672"
"H3"||"C"||||104|||178|||||0|0|0|0|1|2|85|95|100|80|90|100|40|60|100|12|40|95||65||||||||||||||||||15||||||||5|20|40||||0|0.25|0.5||||1.35|1.48|1.6|||||1.58|||0.01|2|4|0.12|0.15|0.18|||||20.5|||12|||39||0|2|4|12|28|44|1|9.5|18|0|0|19|".24"|".24"|0|0|0|0|0|0|0|0|0|0|0|0|1.2|5.6|11.1|0.9|4.2|8.3|1|2.4|4.4|3.6|4.6|5.5|||||||||||||||||||||||||||||||||"6815889"|"18950721"
"H1"||"A"||||0|||15|||||0|0|0|0|0|0|100|100|100|100|100|100|50|72|80|5|28|35||93.2|||0|||1.4|||17|||58.2|||16.6|||1.3||||||||1|5.5|10||||0.5|1.75|3||||1.35|1.52|1.7|||||1.55|||42|92|141|0.05|0.08|0.1||16.5|||13.2|||6.4|||40||0|0.7|1.5|8|9|10|0|1.5|3|0|0|0|".10"|".10"|0|0|0|0|0|0|0|0|0|0|0|0|1.4|5.2|9.2|1|3.9|6.9|1|2.4|4.4|3.6|4.8|6|||||||||||||||||||||||||||||||||"6815916"|"18950596"
"H2"||"C"||1||15|||152|||||0|0|0|0|0|0|100|100|100|100|100|100|50|65|80|5|15|35||92.9|||0.6|||12.7|||36|||36.6|||7|||1.6||||||||1|5.5|10||||0|0.25|0.5||||1.6|1.65|1.7|||||1.68|||42|92|141|0.05|0.06|0.07||15|||11.2|||4.4|||36||0|0.7|1.5|8|9|10|0|1.5|3|0|0|0|".10"|".10"|0|0|0|0|0|0|0|0|0|0|0|0|0.2|1.8|3.6|0.2|1.4|2.7|1|2.4|4.4|4.5|5.5|6.5|||||||||||||||||||||||||||||||||"6815916"|"18950646"
"H3"||"H"||3||74|||152|||||0|0|0|0|0|0|90|100|100|80|100|100|40|60|80|4|10|30||93.2|||0.6|||12.7|||36.1|||36.7|||7.1|||1.3||||||||1|5.5|10||||0|0.1|0.2||||1.6|1.65|1.7|||||1.73|||42|92|141|0.03|0.05|0.06||14.7|||10.9|||4.2|||36||0|1.5|2.9|8|12|16|0|0|2|0|0|0|".10"|".10"|0|0|0|0|0|0|0|0|0|0|0|0|0.2|1.6|3|0.2|1.2|2.2|1|2.4|4.4|4.5|5|5.5|||||||||||||||||||||||||||||||||"6815888"|"18950570"
"H1"||"H"||1||0|||23|||||0|0|0|0|0|0|90|100|100|80|100|100|40|65|70|12|35|40||43|||1.9|||0.7|||9.5|||18.2|||12.7|||38.5||||||||10|18.5|27||||2|3|4||||1.2|1.3|1.4|||||1.36|||14|28|42|0.16|0.19|0.22|||||22.6|||13.7|||47||0|1.5|2.9|16|24|31|2|6|10|0|0|0|".32"|".32"|0|0|0|0|0|0|0|0|0|0|0|0|7|11.4|15.8|5.2|8.5|11.8|1|2.4|4.4|4.5|5|5.5|||||||||||||||||||||||||||||||||"6815888"|"18950669"
"H2"||"H"||2||23|||74|||||0|0|0|0|0|0|90|100|100|80|100|100|48|85|90|24|45|55||34.4|||0.8|||5.1|||9.1|||12.5|||6.9|||37.6||||||||18|28|35||||0.5|0.75|1||||1.3|1.38|1.45|||||1.44|||4|9|14|0.12|0.14|0.16|||||25|||17.1|||45||0|1.5|2.9|23|32|38|6|11|14|0|1|5|".32"|".32"|0|0|0|0|0|0|0|0|0|0|0|0|5.6|8.7|11|4.2|6.5|8.2|1|2.4|4.4|4.5|5|5.5|||||||||||||||||||||||||||||||||"6815888"|"18950718"
"H1"||"H"||1||0|||23|||||0|0|0|0|0|0|90|100|100|80|100|100|40|65|70|12|35|40||43|||1.9|||0.7|||9.5|||18.2|||12.7|||38.5||||||||10|18.5|27||||2|3|4||||1.2|1.3|1.4|||||1.36|||14|28|42|0.16|0.19|0.22|||||22.6|||13.7|||47||0|1.5|2.9|16|24|31|2|6|10|0|0|0|".32"|".32"|0|0|0|0|0|0|0|0|0|0|0|0|7|11.4|15.8|5.2|8.5|11.8|1|2.4|4.4|4.5|5|5.5|||||||||||||||||||||||||||||||||"6815924"|"18950568"
"H2"||"H"||2||23|||74|||||0|0|0|0|0|0|90|100|100|80|100|100|48|85|90|24|45|55||34.4|||0.8|||5.1|||9.1|||12.5|||6.9|||37.6||||||||18|28|35||||0.5|0.75|1||||1.3|1.38|1.45|||||1.44|||4|9|14|0.12|0.14|0.16|||||25|||17.1|||45||0|1.5|2.9|23|32|38|6|11|14|0|1|5|".32"|".32"|0|0|0|0|0|0|0|0|0|0|0|0|5.6|8.7|11|4.2|6.5|8.2|1|2.4|4.4|4.5|5|5.5|||||||||||||||||||||||||||||||||"6815924"|"18950618"
"H3"||"H"||3||74|||152|||||0|0|0|0|0|0|90|100|100|80|100|100|40|60|80|4|10|30||93.2|||0.6|||12.7|||36.1|||36.7|||7.1|||1.3||||||||1|5.5|10||||0|0.1|0.2||||1.6|1.65|1.7|||||1.73|||42|92|141|0.03|0.05|0.06||14.7|||10.9|||4.2|||36||0|1.5|2.9|8|12|16|0|0|2|0|0|0|".10"|".10"|0|0|0|0|0|0|0|0|0|0|0|0|0.2|1.6|3|0.2|1.2|2.2|1|2.4|4.4|4.5|5|5.5|||||||||||||||||||||||||||||||||"6815924"|"18950668"
"H1"||"H"||1||0|||20|||||0|0|0|0|0|0|100|100|100|98|100|100|50|80|85|5|35|45||87.3|||0|||2.1|||14.2|||43.3|||27.7|||6.7||||||||2|6|10||||1|3|5||||1.35|1.48|1.6|||||1.55|||42|92|141|0.1|0.13|0.15||22.7||||||7.9|||40||0|1.5|2.9|10|12|16|0|0|2|0|0|0|".15"|".15"|||||||||||||2.8|8.2|13.8|2.1|6.2|10.3||||3.6|4.8|6|||||||||||||||||||||||||||||||||"6815923"|"18950665"
"H2"||"H"||2||20|||152|||||0|0|0|0|0|0|100|100|100|98|100|100|50|78|85|5|35|45||84.9|||0|||2.1|||13.8|||42.1|||26.9|||9.1||||||||2|6|10||||0|0.25|0.5||||1.4|1.5|1.6|||||1.57|||42|92|141|0.03|0.07|0.1||18.7||||||4|||41||0|1.5|2.9|10|12|16|0|0|2|0|0|0|".10"|".10"|||||||||||||0.5|2.1|3.6|0.4|1.5|2.7||||3.6|4.8|6|||||||||||||||||||||||||||||||||"6815923"|"18950714"
"H3"||"H"||3||123|||152|||||0|0|0|0|0|0|30|40|100|10|28|100|6|17|70|3|8|40||65.9|||4.3|||14.1|||17.5|||19.6|||10.4|||19.1||||||||5|15|20||||0|0|0||||1.2|1.3|1.4|||||1.74|||1.4|2|4|0.12|0.14|0.16|||||7.9|||3.6|||21||3|4.5|5.9|12|20|25|0|4|7|0|0|0|".05"|".28"|0|0|0|0|0|0|0|0|0|0|0|0|1.2|3.8|5|0.9|2.8|3.8|4.4|8.6|13.9|6.1|7|8.4|||||||||||||||||||||||||||||||||"6815915"|"18950592"
"H1"||"H"||1||0|||25|||||0|0|0|0|0|0|100|100|100|95|100|100|57|65|70|28|35|40||67.9|||4.5|||14.5|||18|||20.2|||10.7|||19.6||||||||5|12.5|20||||2|5|8||||1.2|1.3|1.4|||||1.36|||14|28|42|0.1|0.13|0.15|||||22.1|||13|||46||0|1.5|2.9|10|12|25|0|3|7|0|0|0|".24"|".24"|0|0|0|0|0|0|0|0|0|0|0|0|5.8|14.4|23|4.3|10.8|17.2|4.4|8.6|13.9|4.5|5.5|6.5|||||||||||||||||||||||||||||||||"6815915"|"18950691"
"H2"||"H"||2||25|||123|||||0|0|0|0|0|0|100|100|100|95|100|100|76|90|100|33|53|95||47.8|||4.4|||7.4|||11.9|||15.5|||8.6|||7.2||||||||30|45|60||||0|0|0||||1.45|1.53|1.6|||||1.9|||0.42|1|1.4|0.13|0.16|0.18|||||32.2|||24.8|||40||6|7.5|8.9|34|40|61|12|20|27|0|7|31|".32"|".32"|0|0|0|0|0|0|0|0|0|0|0|0|7.5|11.2|15|5.6|8.4|11.2|4.4|8.6|13.9|5.1|6.8|8.4|||||||||||||||||||||||||||||||||"6815915"|"18950740"
"H1"||"O"||1||0|||46|||||0|0|0|0|0|0||||||||||||||0||||||||||||||||||0||||||||0|0|0||||20|50|80||||0.2|0.43|0.65||||||||4|23|42|0.24|0.32|0.4|||||||||||||0|1.5|2.9||||||||||||0|0|0|0|0|0|0|0|0|0|0|0|45|113|180|34|84|135|1|2.4|4.4|3.5|4|4.4|3.6|4.6|5.5||||||||||||||||||||||||||||||"6815895"|"18950688"
"H2"||"H"||2||46|||152|||||0|0|0|0|0|0|100|100|100|100|100|100|50|60|75|5|10|30||93.6|||0.7|||12.8|||36.3|||36.9|||6.9|||1.4||||||||2|5|10||||0|0|0||||1.6|1.68|1.75|||||1.76|||42|92|141|0.02|0.06|0.1||14.3|||10.4|||3.7|||35||0|1.5|2.9|7|11|16|0|0.5|3|0|0|0|".10"|".10"|0|0|0|0|0|0|0|0|0|0|0|0|0.3|1.2|2.5|0.3|0.9|1.9|1|2.4|4.4|3.5|5.1|5.5|3.6|4.6|5.5||||||||||||||||||||||||||||||"6815895"|"18950737"
"H2"||"H"||2||20|||76|||||0|0|0|0|0|0|90|100|100|80|100|100|48|65|95|24|35|75||34.4|||0.1|||0.7|||7.8|||15.9|||11.3|||37.6||||||||18|28|35||||0.5|0.75|1||||1.3|1.38|1.45|||||1.44|||4|9|14|0.12|0.14|0.16|||||25|||17.1|||45||0|1.5|2.9|23|32|38|6|11|14|0|0|10|".32"|".32"|0|0|0|0|0|0|0|0|0|0|0|0|5.6|8.7|11|4.2|6.5|8.2|1|2.4|4.4|4.5|5|5.5|||||||||||||||||||||||||||||||||"6815869"|"18950569"
"H3"||"H"||3||76|||152|||||0|0|0|0|0|0|90|100|100|80|100|100|40|73|80|4|28|35||93.2|||0|||1.4|||17|||58.2|||16.6|||1.3||||||||1|5.5|10||||0|0.1|0.2||||1.6|1.65|1.7|||||1.73|||42|92|141|0.03|0.05|0.06||14.9|||11.1|||4.3|||36||0|1.5|2.9|8|12|16|0|0|2|0|0|0|".10"|".10"|0|0|0|0|0|0|0|0|0|0|0|0|0.2|1.6|3|0.2|1.2|2.2|1|2.4|4.4|4.5|5|5.5|||||||||||||||||||||||||||||||||"6815869"|"18950619"
"H1"||"H"||1||0|||20|||||0|0|0|0|0|0|90|100|100|80|100|100|40|65|85|12|35|55||43|||1.9|||0.7|||9.5|||18.2|||12.7|||38.5||||||||10|18.5|27||||2|3|4||||1.2|1.3|1.4|||||1.36|||14|28|42|0.16|0.19|0.22|||||22.6|||13.7|||47||0|1.5|2.9|16|24|31|2|6|10|0|0|3|".32"|".32"|0|0|0|0|0|0|0|0|0|0|0|0|7|11.4|15.8|5.2|8.5|11.8|1|2.4|4.4|4.5|5|5.5|||||||||||||||||||||||||||||||||"6815869"|"18950717"
"H1"||"H"||1||0|||28|||||0|0|0|0|0|0|100|100|100|100|100|100|50|63|85|15|23|45||83.5|||1.1|||12.1|||26.3|||31.8|||12.2|||9.5||||||||2|7|12||||0.5|1.25|2||||1.6|1.68|1.75|||||1.76|||42|92|141|0.05|0.08|0.1||22.2|||17|||7.3|||34||0|1.5|2.9|9|13|18|0|0|3|0|0|0|".10"|".10"|0|0|0|0|0|0|0|0|0|0|0|0|1.6|4.6|7.5|1.2|3.4|5.6|1|2.4|4.4|4.5|5.3|6|||||||||||||||||||||||||||||||||"6815927"|"18950676"
"H2"||"H"||2||28|||152|||||0|0|0|0|0|0|100|100|100|100|100|100|50|63|85|5|23|45||83.8|||1.1|||12.1|||26.4|||31.9|||12.3|||9.2||||||||2|7|12||||0|0|0||||1.6|1.68|1.75|||||1.76|||42|92|141|0.03|0.05|0.07||20.3|||14.7|||5.3|||35||0|1.5|2.9|9|13|18|0|0|3|0|0|0|".10"|".10"|0|0|0|0|0|0|0|0|0|0|0|0|0.5|1.8|3|0.4|1.3|2.2|1|2.4|4.4|4.5|5|5.5|||||||||||||||||||||||||||||||||"6815927"|"18950725"
"H1"||"H"||1||0|||20|||||0|0|0|0|0|0|100|100|100|98|100|100|50|80|85|5|35|45||87.3|||0|||2.1|||14.2|||43.3|||27.7|||6.7||||||||2|6|10||||1|3|5||||1.35|1.48|1.6|||||1.55|||42|92|141|0.1|0.13|0.15||22.7||||||7.9|||40||0|1.5|2.9|10|12|16|0|0|2|0|0|0|".15"|".15"|||||||||||||2.8|8.2|13.8|2.1|6.2|10.3||||3.6|4.8|6|||||||||||||||||||||||||||||||||"6815863"|"18950652"
"H2"||"H"||2||20|||152|||||0|0|0|0|0|0|100|100|100|98|100|100|50|78|85|5|35|45||84.9|||0|||2.1|||13.8|||42.1|||26.9|||9.1||||||||2|6|10||||0|0.25|0.5||||1.4|1.5|1.6|||||1.57|||42|92|141|0.03|0.07|0.1||18.7||||||4|||41||0|1.5|2.9|10|12|16|0|0|2|0|0|0|".10"|".10"|||||||||||||0.5|2.1|3.6|0.4|1.5|2.7||||3.6|4.8|6|||||||||||||||||||||||||||||||||"6815863"|"18950701"
"H1"||"H"||1||0|||20|||||0|0|0|0|0|0|90|100|100|80|100|100|40|65|85|12|35|55||43|||1.9|||0.7|||9.5|||18.2|||12.7|||38.5||||||||10|18.5|27||||2|3|4||||1.2|1.3|1.4|||||1.36|||14|28|42|0.16|0.19|0.22|||||22.6|||13.7|||47||0|1.5|2.9|16|24|31|2|6|10|0|0|3|".32"|".32"|0|0|0|0|0|0|0|0|0|0|0|0|7|11.4|15.8|5.2|8.5|11.8|1|2.4|4.4|4.5|5|5.5|||||||||||||||||||||||||||||||||"6815878"|"18950593"
"H2"||"H"||2||20|||76|||||0|0|0|0|0|0|90|100|100|80|100|100|48|65|95|24|35|75||34.4|||0.1|||0.7|||7.8|||15.9|||11.3|||37.6||||||||18|28|35||||0.5|0.75|1||||1.3|1.38|1.45|||||1.44|||4|9|14|0.12|0.14|0.16|||||25|||17.1|||45||0|1.5|2.9|23|32|38|6|11|14|0|0|10|".32"|".32"|0|0|0|0|0|0|0|0|0|0|0|0|5.6|8.7|11|4.2|6.5|8.2|1|2.4|4.4|4.5|5|5.5|||||||||||||||||||||||||||||||||"6815878"|"18950643"
"H3"||"H"||3||76|||152|||||0|0|0|0|0|0|90|100|100|80|100|100|40|73|80|4|28|35||93.2|||0|||1.4|||17|||58.2|||16.6|||1.3||||||||1|5.5|10||||0|0.1|0.2||||1.6|1.65|1.7|||||1.73|||42|92|141|0.03|0.05|0.06||14.9|||11.1|||4.3|||36||0|1.5|2.9|8|12|16|0|0|2|0|0|0|".10"|".10"|0|0|0|0|0|0|0|0|0|0|0|0|0.2|1.6|3|0.2|1.2|2.2|1|2.4|4.4|4.5|5|5.5|||||||||||||||||||||||||||||||||"6815878"|"18950693"
"H1"||"H"||1||0|||20|||||0|0|0|0|0|0|100|100|100|98|100|100|50|80|85|5|35|45||87.3|||0|||2.1|||14.2|||43.3|||27.7|||6.7||||||||2|6|10||||1|3|5||||1.35|1.48|1.6|||||1.55|||42|92|141|0.1|0.13|0.15||23|||18|||8.3|||41||0|1.5|2.9|10|12|16|0|0|2|0|0|0|".15"|".15"|0|0|0|0|0|0|0|0|0|0|0|0|2.8|8.2|13.8|2.1|6.2|10.3|1|2.4|4.4|3.6|4.8|6|||||||||||||||||||||||||||||||||"6815867"|"18950663"
"H2"||"H"||2||20|||152|||||0|0|0|0|0|0|100|100|100|98|100|100|50|78|85|5|35|45||84.9|||0|||2.1|||13.8|||42.1|||26.9|||9.1||||||||2|6|10||||0|0.25|0.5||||1.4|1.5|1.6|||||1.57|||42|92|141|0.03|0.07|0.1||19.2|||13.6|||4.4|||41||0|1.5|2.9|10|12|16|0|0|2|0|0|0|".10"|".10"|0|0|0|0|0|0|0|0|0|0|0|0|0.5|2.1|3.6|0.4|1.5|2.7|1|2.4|4.4|3.6|4.8|6|||||||||||||||||||||||||||||||||"6815867"|"18950712"
"H1"||"H"||1||0|||15|||||0|0|0|0|0|0|100|100|100|100|100|100|60|65|70|30|35|40||67.9|||4.5|||14.5|||18|||20.2|||10.7|||19.6||||||||5|12.5|20||||0.5|1.25|2||||1.2|1.35|1.5|||||1.41|||14|28|42|0.12|0.14|0.15|||||18.4|||8.7|||46||0|1.5|2.9|10|12|25|0|3|7|0|0|0|".24"|".24"|0|0|0|0|0|0|0|0|0|0|0|0|2.4|5.9|9.5|1.8|4.5|7.1|1|2.4|4.4|4.5|5.5|6.5|||||||||||||||||||||||||||||||||"6815912"|"18950584"
"H2"||"H"||2||15|||104|||||0|0|0|0|0|0|100|100|100|100|100|100|80|90|100|35|53|95||49.7|||5.8|||8|||12.3|||15.5|||8.1|||2.8||||||||30|47.5|60||||0|0.25|0.5||||1.3|1.4|1.5|||||1.6|||0.42|1|1.4|0.1|0.13|0.15|||||32.8|||25.9|||45||3|4.5|5.9|34|50|61|12|21|27|0|8|31|".32"|".32"|0|0|0|0|0|0|0|0|0|0|0|0|7.5|12.4|16.1|5.6|9.3|12.1|1|2.4|4.4|5.1|5.8|6.5|||||||||||||||||||||||||||||||||"6815912"|"18950634"
"H3"||"H"||3||104|||117|||||0|0|0|0|0|0|100|100|100|100|100|100|50|65|70|5|35|40||68.3|||4.5|||14.6|||18.1|||20.3|||10.8|||19.7||||||||2|12|20||||0|0.25|0.5||||1.4|1.5|1.6|||||1.71|||0.01|2|4|0.1|0.13|0.15|||||17.6|||7.9|||41||3|4.5|5.9|9|10|25|0|3|7|0|0|0|".24"|".24"|0|0|0|0|0|0|0|0|0|0|0|0|0.5|3.6|6.1|0.4|2.7|4.6|1|2.4|4.4|5.1|6.8|8.4|||||||||||||||||||||||||||||||||"6815912"|"18950684"
"H4"||"H"||4||117|||152|||||0|0|0|0|0|0|20|40|60|10|28|45|5|17|32|0|8|18||68.3|||4.5|||14.6|||18.1|||20.3|||10.8|||19.7||||||||2|12|20||||0|0.25|0.5||||1.1|1.3|1.6|||||1.44|||0.01|2|14|0.06|0.1|0.12|||||7.3|||3|||21||0|1.5|2.9|9|10|25|0|3|7|0|0|0|".05"|".24"|0|0|0|0|0|0|0|0|0|0|0|0|0.5|3.6|6.1|0.4|2.7|4.6|1|2.4|4.4|7|8|8.5|||||||||||||||||||||||||||||||||"6815912"|"18950733"
"H3"||"H"||3||123|||152|||||0|0|0|0|0|0|30|40|100|10|28|100|6|17|70|3|8|40||65.9|||4.3|||14.1|||17.5|||19.6|||10.4|||19.1||||||||5|15|20||||0|0|0||||1.2|1.3|1.4|||||1.74|||1.4|2|4|0.12|0.14|0.16|||||7.9|||3.6|||21||3|4.5|5.9|12|20|25|0|4|7|0|0|0|".05"|".28"|0|0|0|0|0|0|0|0|0|0|0|0|1.2|3.8|5|0.9|2.8|3.8|4.4|8.6|13.9|6.1|7|8.4|||||||||||||||||||||||||||||||||"6815873"|"18950580"
"H1"||"H"||1||0|||25|||||0|0|0|0|0|0|100|100|100|95|100|100|57|65|70|28|35|40||67.9|||4.5|||14.5|||18|||20.2|||10.7|||19.6||||||||5|12.5|20||||2|5|8||||1.2|1.3|1.4|||||1.36|||14|28|42|0.1|0.13|0.15|||||22.1|||13|||46||0|1.5|2.9|10|12|25|0|3|7|0|0|0|".24"|".24"|0|0|0|0|0|0|0|0|0|0|0|0|5.8|14.4|23|4.3|10.8|17.2|4.4|8.6|13.9|4.5|5.5|6.5|||||||||||||||||||||||||||||||||"6815873"|"18950679"
"H2"||"H"||2||25|||123|||||0|0|0|0|0|0|100|100|100|95|100|100|76|90|100|33|53|95||47.8|||4.4|||7.4|||11.9|||15.5|||8.6|||7.2||||||||30|45|60||||0|0|0||||1.45|1.53|1.6|||||1.9|||0.42|1|1.4|0.13|0.16|0.18|||||32.2|||24.8|||40||6|7.5|8.9|34|40|61|12|20|27|0|7|31|".32"|".32"|0|0|0|0|0|0|0|0|0|0|0|0|7.5|11.2|15|5.6|8.4|11.2|4.4|8.6|13.9|5.1|6.8|8.4|||||||||||||||||||||||||||||||||"6815873"|"18950728"
"H1"||"A"||1||0|||30|||||0|0|0|0|0|0|98|99|100|95|97.5|100|57|75|100|28|46|90||67.3|||0.1|||3.1|||15.3|||32.3|||16.5|||20.2||||||||5|12.5|18||||1|3.5|6||||1.3|1.45|1.6|||||1.52|||14|28|42|0.14|0.15|0.16|||||21.7|||12.8|||41||0|1.5|2.9|12|17.5|23|1|4|7|0|0|4|".24"|".24"|0|0|0|0|0|0|0|0|0|0|0|0|3.5|10.9|18|2.6|8.2|13.5|1|2.4|4.4|3.6|5.1|6.5|||||||||||||||||||||||||||||||||"6815881"|"18950650"
"H2"||"B"||1||30|||183|||||0|0|0|0|0|0|96|98|100|95|97.5|100|80|90|100|35|70|95||40|||0|||||||||||||||33.5||||||||18|26.5|50||||0.5|0.75|1||||1.4|1.48|1.55|||||1.55|||4|9|14|0.12|0.16|0.19|||||30.4|||16.4|||41||0|1.5|2.9|23|31|39|7|11.5|16|0|6|16|".15"|".15"|0|0|0|0|0|0|0|0|0|0|0|0|5.6|8.2|11|4.2|6.1|8.2|1|2.4|4.4|3.6|4.6|5.5|||||||||||||||||||||||||||||||||"6815881"|"18950699"
"H3"||"H"||3||76|||162|||||0|0|0|0|0|0|100|100|100|100|100|100|50|70|95|5|30|75||83.3|||0.6|||10.6|||28.4|||33.8|||9.9|||4.2||||||||5|12.5|20||||0|1|2||||1.45|1.55|1.65|||||1.62|||42|92|141|0.06|0.09|0.12||24.3|||19.8|||10.2|||39||0|1.5|2.9|15|25|35|0|5|10|0|0|7|".17"|".17"|0|0|0|0|0|0|0|0|0|0|0|0|1.2|5.4|9.5|0.9|4|7.1|1|2.4|4.4|4.5|5|5.5|||||||||||||||||||||||||||||||||"6815870"|"18950572"
"H1"||"H"||1||0|||61|||||0|0|0|0|0|0|100|100|100|100|100|100|60|85|95|30|60|75||46|||5.3|||14.1|||17.1|||9|||0.5|||41.5||||||||7|12.5|18||||3|9|15||||1.25|1.35|1.45|||||1.41|||14|28|42|0.2|0.23|0.26|||||31.9|||18.3|||43||0|1.5|2.9|20|32.5|45|2|8|14|0|3|11|".17"|".17"|0|0|0|0|0|0|0|0|0|0|0|0|8.5|23.4|38.2|6.4|17.5|28.7|1|2.4|4.4|4.5|5|5.5|||||||||||||||||||||||||||||||||"6815870"|"18950671"
"H2"||"H"||2||61|||76|||||0|0|0|0|0|0|100|100|100|100|100|100|50|70|95|15|40|75||69|||5.3|||14.1|||17.1|||20.5|||12|||24||||||||2|7|12||||0.5|1.75|3||||1.55|1.6|1.65|||||1.67|||42|92|141|0.02|0.05|0.07|||||17.1|||7.4|||37||0|1.5|2.9|10|20|30|0|3|5|0|0|3|".17"|".17"|0|0|0|0|0|0|0|0|0|0|0|0|1.6|5.7|9.8|1.2|4.3|7.3|1|2.4|4.4|4.5|5|5.5|||||||||||||||||||||||||||||||||"6815870"|"18950720"
"H2"||"B"||1||30|||183|||||0|0|0|0|0|0|96|98|100|95|97.5|100|80|90|100|35|70|95||40|||0|||||||||||||||33.5||||||||18|26.5|50||||0.5|0.75|1||||1.4|1.48|1.55|||||1.55|||4|9|14|0.12|0.16|0.19|||||30.4|||16.4|||41||0|1.5|2.9|23|31|39|7|11.5|16|0|6|16|".15"|".15"|0|0|0|0|0|0|0|0|0|0|0|0|5.6|8.2|11|4.2|6.1|8.2|1|2.4|4.4|3.6|4.6|5.5|||||||||||||||||||||||||||||||||"6815884"|"18950559"
"H1"||"A"||1||0|||30|||||0|0|0|0|0|0|98|99|100|95|97.5|100|57|75|100|28|46|90||67.3|||0.1|||3.1|||15.3|||32.3|||16.5|||20.2||||||||5|12.5|18||||1|3.5|6||||1.3|1.45|1.6|||||1.52|||14|28|42|0.14|0.15|0.16|||||21.7|||12.8|||41||0|1.5|2.9|12|17.5|23|1|4|7|0|0|4|".24"|".24"|0|0|0|0|0|0|0|0|0|0|0|0|3.5|10.9|18|2.6|8.2|13.5|1|2.4|4.4|3.6|5.1|6.5|||||||||||||||||||||||||||||||||"6815884"|"18950707"
"H1"||"H"||1||0|||23|||||0|0|0|0|0|0|100|100|100|100|100|100|50|63|85|5|24|45||83.8|||1.1|||12.1|||26.4|||31.9|||12.3|||9.2||||||||2|7|12||||0.5|1.75|3||||1.6|1.68|1.75|||||1.76|||42|92|141|0.05|0.07|0.09||22.9|||17.9|||8.1|||34||0|1.5|2.9|0|12.5|25|0|2|4|0|0|0|".10"|".10"|0|0|0|0|0|0|0|0|0|0|0|0|1.6|5.7|9.8|1.2|4.3|7.3|1|2.4|4.4|3.6|4.8|6|||||||||||||||||||||||||||||||||"6815875"|"18950685"
"H2"||"H"||2||23|||152|||||0|0|0|0|0|0|100|100|100|100|100|100|45|65|85|4|24|45||83.8|||1.1|||12.1|||26.4|||31.9|||12.3|||9.2||||||||2|7|12||||0|0.25|0.5||||1.6|1.68|1.75|||||1.76|||42|92|141|0.05|0.07|0.09||20.7|||15.2|||5.7|||35||0|1.5|2.9|0|12.5|25|0|2|4|0|0|0|".10"|".10"|0|0|0|0|0|0|0|0|0|0|0|0|0.5|2.3|4.1|0.4|1.7|3.1|1|2.4|4.4|3.6|4.8|6|||||||||||||||||||||||||||||||||"6815875"|"18950734"
"H2"||"C"||1||10|||132|||||0|0|0|0|0|0|98|99|100|95|97.5|100|50|80|100|5|40|80||40|||3|||4|||9.5|||14.6|||8.9|||40||||||||5|20|27||||0|1.5|3||||1.4|1.55|1.7|||||1.62|||4|9|14|0.05|0.12|0.19|||||23.3|||14.9|||38||0|1.5|2.9|12|21.5|31|1|6|11|0|0|7|".15"|".15"|0|0|0|0|0|0|0|0|0|0|0|0|1.2|8.4|13.5|0.9|6.3|10.1|1|2.4|4.4|4.5|5|5.5|||||||||||||||||||||||||||||||||"6815929"|"18950582"
"H3"||"C"||5||132|||188|||||0|0|0|0|2|3|85|88|100|50|62|100|25|40|95|2|7|75||92|||5|||15|||45|||15|||12|||3||||||||1|5|20||||0|1.5|3||||1.5|1.6|1.7|||||1.68|||42|92|141|0.04|0.1|0.16||11.6|||9.1|||4.2|||27||1|1.2|1.5|8|16.5|25|0|4|8|0|0|3|".05"|".10"|0|0|0|0|0|0|0|0|0|0|0|0|0.2|5.9|11.8|0.1|4.4|8.8|1|2.4|4.4|4.5|5|5.5|||||||||||||||||||||||||||||||||"6815929"|"18950632"
"H1"||"A"||||0|||10|||||0|0|0|0|0|0|98|99|100|95|97.5|100|50|88|100|5|66|90||44|||4.3|||5.9|||7.8|||13.6|||12.4|||40||||||||5|16|27||||2|3.5|5||||1.3|1.4|1.55|||||1.46|||4|9|14|0.18|0.19|0.2|||||28.3|||13.4|||43||0|1.5|2.9|12|21.5|31|1|6|11|0|1|9|".24"|".24"|0|0|0|0|0|0|0|0|0|0|0|0|8|11.9|18|6|8.9|13.5|1|2.4|4.4|4.5|5|5.5|||||||||||||||||||||||||||||||||"6815929"|"18950730"
"H1"||"H"||1||0|||56|||||0|0|0|0|0|0|100|100|100|100|100|100|50|65|70|15|35|40||66.2|||4.5|||13.4|||16.6|||20|||11.7|||23.3||||||||3|10.5|20||||0.5|1.25|2||||1.25|1.35|1.6|||||1.41|||14|28|42|0.07|0.11|0.14|||||17.3|||7.6|||46||0|1.5|2.9|0|13|26|0|2.5|5|0|0|0|".20"|".20"|0|0|0|0|0|0|0|0|0|0|0|0|1.9|5.4|9.5|1.4|4.1|7.1|1|2.4|4.4|4.5|5|5.5|||||||||||||||||||||||||||||||||"6815876"|"18950588"
"H2"||"H"||2||56|||158|||||0|0|0|0|0|0|100|100|100|100|100|100|50|63|70|15|23|40||82.9|||0.6|||10.5|||28.3|||33.6|||9.9|||4.1||||||||5|13|20||||0.5|0.75|1||||1.25|1.35|1.6|||||1.41|||14|28|42|0.06|0.09|0.12||23.4|||18.6|||8.9|||46||0|1.5|2.9|0|16|32|0|4.5|9|0|0|0|".17"|".17"|0|0|0|0|0|0|0|0|0|0|0|0|2.4|4.9|7.2|1.8|3.7|5.4|1|2.4|4.4|4.5|5|5.5|||||||||||||||||||||||||||||||||"6815876"|"18950638"
"H1"||"H"||1||0|||25|||||0|0|0|0|0|0|100|100|100|95|100|100|57|65|70|28|35|40||67.9|||4.5|||14.5|||18|||20.2|||10.7|||19.6||||||||5|12.5|20||||2|5|8||||1.2|1.3|1.4|||||1.36|||14|28|42|0.1|0.13|0.15|||||22.1|||13|||46||0|1.5|2.9|10|12|25|0|3|7|0|0|0|".24"|".24"|0|0|0|0|0|0|0|0|0|0|0|0|5.8|14.4|23|4.3|10.8|17.2|4.4|8.6|13.9|4.5|5.5|6.5|||||||||||||||||||||||||||||||||"6815893"|"18950633"
"H2"||"H"||2||25|||123|||||0|0|0|0|0|0|100|100|100|95|100|100|76|90|100|33|53|95||47.8|||4.4|||7.4|||11.9|||15.5|||8.6|||7.2||||||||30|45|60||||0|0|0||||1.45|1.53|1.6|||||1.9|||0.42|1|1.4|0.13|0.16|0.18|||||32.2|||24.8|||40||6|7.5|8.9|34|40|61|12|20|27|0|7|31|".32"|".32"|0|0|0|0|0|0|0|0|0|0|0|0|7.5|11.2|15|5.6|8.4|11.2|4.4|8.6|13.9|5.1|6.8|8.4|||||||||||||||||||||||||||||||||"6815893"|"18950683"
"H3"||"H"||3||123|||152|||||0|0|0|0|0|0|30|40|100|10|28|100|6|17|70|3|8|40||65.9|||4.3|||14.1|||17.5|||19.6|||10.4|||19.1||||||||5|15|20||||0|0|0||||1.2|1.3|1.4|||||1.74|||1.4|2|4|0.12|0.14|0.16|||||7.9|||3.6|||21||3|4.5|5.9|12|20|25|0|4|7|0|0|0|".05"|".28"|0|0|0|0|0|0|0|0|0|0|0|0|1.2|3.8|5|0.9|2.8|3.8|4.4|8.6|13.9|6.1|7|8.4|||||||||||||||||||||||||||||||||"6815893"|"18950732"
"H1"||"H"||1||0|||23|||||0|0|0|0|0|0|90|100|100|80|100|100|40|65|70|12|35|40||43|||1.9|||0.7|||9.5|||18.2|||12.7|||38.5||||||||10|18.5|27||||2|3|4||||1.2|1.3|1.4|||||1.36|||14|28|42|0.16|0.19|0.22|||||22.6|||13.7|||47||0|1.5|2.9|16|24|31|2|6|10|0|0|0|".32"|".32"|0|0|0|0|0|0|0|0|0|0|0|0|7|11.4|15.8|5.2|8.5|11.8|1|2.4|4.4|4.5|5|5.5|||||||||||||||||||||||||||||||||"6815864"|"18950555"
"H2"||"H"||2||23|||74|||||0|0|0|0|0|0|90|100|100|80|100|100|48|85|90|24|45|55||34.4|||0.8|||5.1|||9.1|||12.5|||6.9|||37.6||||||||18|28|35||||0.5|0.75|1||||1.3|1.38|1.45|||||1.44|||4|9|14|0.12|0.14|0.16|||||25|||17.1|||45||0|1.5|2.9|23|32|38|6|11|14|0|1|5|".32"|".32"|0|0|0|0|0|0|0|0|0|0|0|0|5.6|8.7|11|4.2|6.5|8.2|1|2.4|4.4|4.5|5|5.5|||||||||||||||||||||||||||||||||"6815864"|"18950605"
"H3"||"H"||3||74|||152|||||0|0|0|0|0|0|90|100|100|80|100|100|40|60|80|4|10|30||93.2|||0.6|||12.7|||36.1|||36.7|||7.1|||1.3||||||||1|5.5|10||||0|0.1|0.2||||1.6|1.65|1.7|||||1.73|||42|92|141|0.03|0.05|0.06||14.7|||10.9|||4.2|||36||0|1.5|2.9|8|12|16|0|0|2|0|0|0|".10"|".10"|0|0|0|0|0|0|0|0|0|0|0|0|0.2|1.6|3|0.2|1.2|2.2|1|2.4|4.4|4.5|5|5.5|||||||||||||||||||||||||||||||||"6815864"|"18950655"
"H1"||"H"||1||0|||23|||||0|0|0|0|0|0|90|100|100|80|100|100|40|65|70|12|35|40||43|||1.9|||0.7|||9.5|||18.2|||12.7|||38.5||||||||10|18.5|27||||2|3|4||||1.2|1.3|1.4|||||1.36|||14|28|42|0.16|0.19|0.22|||||22.6|||13.7|||47||0|1.5|2.9|16|24|31|2|6|10|0|0|0|".32"|".32"|0|0|0|0|0|0|0|0|0|0|0|0|7|11.4|15.8|5.2|8.5|11.8|1|2.4|4.4|4.5|5|5.5|||||||||||||||||||||||||||||||||"6815933"|"18950642"
"H2"||"H"||2||23|||74|||||0|0|0|0|0|0|90|100|100|80|100|100|48|85|90|24|45|55||34.4|||0.8|||5.1|||9.1|||12.5|||6.9|||37.6||||||||18|28|35||||0.5|0.75|1||||1.3|1.38|1.45|||||1.44|||4|9|14|0.12|0.14|0.16|||||25|||17.1|||45||0|1.5|2.9|23|32|38|6|11|14|0|1|5|".32"|".32"|0|0|0|0|0|0|0|0|0|0|0|0|5.6|8.7|11|4.2|6.5|8.2|1|2.4|4.4|4.5|5|5.5|||||||||||||||||||||||||||||||||"6815933"|"18950692"
"H3"||"H"||3||74|||152|||||0|0|0|0|0|0|90|100|100|80|100|100|40|60|80|4|10|30||93.2|||0.6|||12.7|||36.1|||36.7|||7.1|||1.3||||||||1|5.5|10||||0|0.1|0.2||||1.6|1.65|1.7|||||1.73|||42|92|141|0.03|0.05|0.06||14.7|||10.9|||4.2|||36||0|1.5|2.9|8|12|16|0|0|2|0|0|0|".10"|".10"|0|0|0|0|0|0|0|0|0|0|0|0|0.2|1.6|3|0.2|1.2|2.2|1|2.4|4.4|4.5|5|5.5|||||||||||||||||||||||||||||||||"6815933"|"18950741"
"H2"||"H"||2||23|||74|||||0|0|0|0|0|0|90|100|100|80|100|100|48|85|90|24|45|55||34.4|||0.8|||5.1|||9.1|||12.5|||6.9|||37.6||||||||18|28|35||||0.5|0.75|1||||1.3|1.38|1.45|||||1.44|||4|9|14|0.12|0.14|0.16|||||25|||17.1|||45||0|1.5|2.9|23|32|38|6|11|14|0|1|5|".32"|".32"|0|0|0|0|0|0|0|0|0|0|0|0|5.6|8.7|11|4.2|6.5|8.2|1|2.4|4.4|4.5|5|5.5|||||||||||||||||||||||||||||||||"6815922"|"18950563"
"H3"||"H"||3||74|||152|||||0|0|0|0|0|0|90|100|100|80|100|100|40|60|80|4|10|30||93.2|||0.6|||12.7|||36.1|||36.7|||7.1|||1.3||||||||1|5.5|10||||0|0.1|0.2||||1.6|1.65|1.7|||||1.73|||42|92|141|0.03|0.05|0.06||14.7|||10.9|||4.2|||36||0|1.5|2.9|8|12|16|0|0|2|0|0|0|".10"|".10"|0|0|0|0|0|0|0|0|0|0|0|0|0.2|1.6|3|0.2|1.2|2.2|1|2.4|4.4|4.5|5|5.5|||||||||||||||||||||||||||||||||"6815922"|"18950613"
"H1"||"H"||1||0|||23|||||0|0|0|0|0|0|90|100|100|80|100|100|40|65|70|12|35|40||43|||1.9|||0.7|||9.5|||18.2|||12.7|||38.5||||||||10|18.5|27||||2|3|4||||1.2|1.3|1.4|||||1.36|||14|28|42|0.16|0.19|0.22|||||22.6|||13.7|||47||0|1.5|2.9|16|24|31|2|6|10|0|0|0|".32"|".32"|0|0|0|0|0|0|0|0|0|0|0|0|7|11.4|15.8|5.2|8.5|11.8|1|2.4|4.4|4.5|5|5.5|||||||||||||||||||||||||||||||||"6815922"|"18950711"
"H3"||"H"||3||123|||152|||||0|0|0|0|0|0|30|40|100|10|28|100|6|17|70|3|8|40||65.9|||4.3|||14.1|||17.5|||19.6|||10.4|||19.1||||||||5|15|20||||0|0|0||||1.2|1.3|1.4|||||1.74|||1.4|2|4|0.12|0.14|0.16|||||7.9|||3.6|||21||3|4.5|5.9|12|20|25|0|4|7|0|0|0|".05"|".28"|0|0|0|0|0|0|0|0|0|0|0|0|1.2|3.8|5|0.9|2.8|3.8|4.4|8.6|13.9|6.1|7|8.4|||||||||||||||||||||||||||||||||"6815887"|"18950567"
"H1"||"H"||1||0|||25|||||0|0|0|0|0|0|100|100|100|95|100|100|57|65|70|28|35|40||67.9|||4.5|||14.5|||18|||20.2|||10.7|||19.6||||||||5|12.5|20||||2|5|8||||1.2|1.3|1.4|||||1.36|||14|28|42|0.1|0.13|0.15|||||22.1|||13|||46||0|1.5|2.9|10|12|25|0|3|7|0|0|0|".24"|".24"|0|0|0|0|0|0|0|0|0|0|0|0|5.8|14.4|23|4.3|10.8|17.2|4.4|8.6|13.9|4.5|5.5|6.5|||||||||||||||||||||||||||||||||"6815887"|"18950666"
"H2"||"H"||2||25|||123|||||0|0|0|0|0|0|100|100|100|95|100|100|76|90|100|33|53|95||47.8|||4.4|||7.4|||11.9|||15.5|||8.6|||7.2||||||||30|45|60||||0|0|0||||1.45|1.53|1.6|||||1.9|||0.42|1|1.4|0.13|0.16|0.18|||||32.2|||24.8|||40||6|7.5|8.9|34|40|61|12|20|27|0|7|31|".32"|".32"|0|0|0|0|0|0|0|0|0|0|0|0|7.5|11.2|15|5.6|8.4|11.2|4.4|8.6|13.9|5.1|6.8|8.4|||||||||||||||||||||||||||||||||"6815887"|"18950715"
"H2"||"H"||2||79|||145|||||0|0|0|0|0|0|100|100|100|95|100|100|60|65|90|30|35|55||65.9|||4.3|||14.1|||17.5|||19.6|||10.4|||19.1||||||||10|15|20||||0|0|0||||1.3|1.4|1.5|||||1.46|||4|23|42|0.1|0.12|0.14|||||18.5|||8.8|||45||0|1.5|2.9|16|20|25|2|4|7|0|0|1|".15"|".15"|0|0|0|0|0|0|0|0|0|0|0|0|2.5|2.8|5|1.9|2.8|3.8|1|2.4|4.4|4.5|5.3|6|||||||||||||||||||||||||||||||||"6815862"|"18950550"
"H3"||"H"||3||145|||160|||||0|0|0|0|0|0|100|100|100|95|100|100|50|63|70|5|23|40||95.5|||4.4|||15.3|||24.9|||32.6|||18.3|||1.5||||||||1|3|10||||0|0|0||||1.5|1.6|1.7|||||1.67|||42|92|141|0.01|0.03|0.05||15.7|||9.8|||2.2|||38||0|1.5|2.9|8|10|16|0|0|2|0|0|0|".10"|".10"|0|0|0|0|0|0|0|0|0|0|0|0|0.1|0.6|2.5|0.1|0.5|1.9|1|2.4|4.4|4.5|5.3|6|||||||||||||||||||||||||||||||||"6815862"|"18950600"
"H1"||"H"||1||0|||79|||||0|0|0|0|0|0|100|100|100|95|100|100|48|63|85|14|23|45||83.8|||1.1|||12.1|||26.4|||31.9|||12.3|||9.2||||||||1|7|10||||0.5|1.25|2||||1.5|1.6|1.7|||||1.67|||42|92|141|0.04|0.07|0.1||21.9|||16.7|||7|||37||0|1.5|2.9|8|13|16|0|0|2|0|0|0|".15"|".15"|0|0|0|0|0|0|0|0|0|0|0|0|1.4|4.6|7|0.8|3.4|5.2|1|2.4|4.4|4.5|5.3|6|||||||||||||||||||||||||||||||||"6815862"|"18950698"
"H3"||"H"||3||137|||152|||||0|0|0|0|0|0|100|100|100|95|100|100|50|63|75|5|23|30||95.5|||4.4|||15.3|||24.9|||32.6|||18.3|||1.5||||||||1|3|10||||0|0|0||||1.5|1.6|1.7|||||1.67|||42|92|141|0.01|0.03|0.05||15.7|||9.8|||2.2|||38||0|1.5|2.9|8|10|16|0|0|2|0|0|0|".10"|".10"|0|0|0|0|0|0|0|0|0|0|0|0|0.1|0.6|2.5|0.1|0.5|1.9|1|2.4|4.4|4.5|5.3|6|||||||||||||||||||||||||||||||||"6815931"|"18950637"
"H1"||"H"||1||0|||74|||||0|0|0|0|0|0|100|100|100|95|100|100|48|78|85|14|37|45||83.8|||0|||1.9|||14.5|||44.1|||23.3|||9.2||||||||1|7|10||||0.5|1.25|2||||1.5|1.6|1.7|||||1.67|||42|92|141|0.04|0.07|0.1||21.9|||16.7|||7|||37||0|1.5|2.9|8|13|16|0|0|2|0|0|0|".15"|".15"|0|0|0|0|0|0|0|0|0|0|0|0|1.4|4.6|7|0.8|3.4|5.2|1|2.4|4.4|4.5|5.3|6|||||||||||||||||||||||||||||||||"6815931"|"18950687"
"H2"||"H"||2||74|||137|||||0|0|0|0|0|0|100|100|100|95|100|100|60|65|90|30|35|55||65.9|||4.3|||14.1|||17.5|||19.6|||10.4|||19.1||||||||10|15|20||||0|0|0||||1.3|1.4|1.5|||||1.46|||4|23|42|0.1|0.12|0.14|||||18.5|||8.8|||45||0|1.5|2.9|16|20|25|2|4|7|0|0|1|".15"|".15"|0|0|0|0|0|0|0|0|0|0|0|0|2.5|2.8|5|1.9|2.8|3.8|1|2.4|4.4|4.5|5.3|6|||||||||||||||||||||||||||||||||"6815931"|"18950736"
"H1"||"H"||1||0|||46|||||0|0|0|0|0|8|90|100|100|80|100|100|48|78|85|24|48|55||68.5|||0.3|||4.7|||15.2|||29.8|||18.5|||21.5||||||||5|10|15||||0.5|1.25|2||||1.3|1.35|1.4|||||1.41|||14|28|42|0.08|0.11|0.14|||||17.4|||7.7|||46||0|1.5|2.9|12|16|20|0|2|4|0|0|0|".28"|".28"|0|0|0|0|0|0|0|0|0|0|0|0|2.4|5.3|8.2|1.8|4|6.2|1|2.4|4.4|4.5|5.3|6|||||||||||||||||||||||||||||||||"6815890"|"18950575"
"H2"||"H"||2||46|||135|||||0|0|0|0|0|8|90|100|100|80|100|100|48|85|90|24|45|55||57|||1.3|||8.4|||15.1|||20.7|||11.5|||18||||||||12|25|35||||0|0|0||||1.3|1.38|1.45|||||1.44|||14|28|42|0.12|0.15|0.18|||||23.2|||14.5|||46||0|1.5|2.9|18|30|38|3|10|14|0|1|5|".24"|".24"|0|0|0|0|0|0|0|0|0|0|0|0|3|6.2|8.8|2.2|4.7|6.6|1|2.4|4.4|4.5|5.3|6|||||||||||||||||||||||||||||||||"6815890"|"18950625"
"H3"||"H"||3||135|||178|||||0|0|0|0|0|8|90|100|100|80|100|100|40|65|90|12|35|55||65||||||||||||||||||23||||||||2|12|20||||0|0|0||||1.35|1.5|1.65|||||1.57|||4|9|14|0.12|0.15|0.18|||||17.3|||7.6|||41||0|1.5|2.9|9|18|25|0|3|7|0|0|1|".24"|".24"|0|0|0|0|0|0|0|0|0|0|0|0|0.3|3|5|0.2|2.2|3.8|1|2.4|4.4|4.5|5.3|6|||||||||||||||||||||||||||||||||"6815890"|"18950675"
"H1"||"H"||1||0|||56|||||0|0|0|0|0|0|100|100|100|100|100|100|50|65|70|15|35|40||70.1|||5.2|||14.3|||17.4|||20.9|||12.3|||21.9||||||||4|8|12||||0.5|1.25|2||||1.6|1.65|1.7|||||1.73|||14|28|42|0.06|0.08|0.1|||||17.3|||7.5|||35||0|1.5|2.9|11|14|18|0|1|3|0|0|0|".15"|".15"|0|0|0|0|0|0|0|0|0|0|0|0|2.1|4.8|7.5|1.6|3.6|5.6|1|2.4|4.4|4.5|5.3|6|||||||||||||||||||||||||||||||||"6815917"|"18950549"
"H2"||"H"||2||56|||86|||||0|0|0|0|0|0|100|100|100|100|100|100|60|85|90|30|45|55||55.8|||1.3|||8.2|||14.8|||20.2|||11.3|||17.7||||||||18|26.5|35||||0|0|0||||1.4|1.5|1.6|||||1.57|||4|9|14|0.12|0.14|0.16|||||24.7|||16.7|||41||0|1.5|2.9|23|31|38|6|10|14|0|1|5|".24"|".24"|0|0|0|0|0|0|0|0|0|0|0|0|4.5|6.6|8.8|3.4|5|6.6|1|2.4|4.4|4.5|5|5.5|||||||||||||||||||||||||||||||||"6815917"|"18950599"
"H3"||"H"||3||86|||183|||||0|0|0|0|0|0|100|100|100|100|100|100|50|63|75|5|23|30||60|||2.3|||9.5|||15.8|||20.8|||11.6|||34||||||||2|6|10||||0|0|0||||1.6|1.65|1.7|||||1.73|||42|92|141|0.03|0.05|0.06||19.3|||13.6|||4.5|||36||0|1.5|2.9|9|12|16|0|0|2|0|0|0|".10"|".10"|0|0|0|0|0|0|0|0|0|0|0|0|0.5|1.5|2.5|0.4|1.1|1.9|1|2.4|4.4|4.5|5|5.5|||||||||||||||||||||||||||||||||"6815917"|"18950649"
"H3"||"H"||3||81|||152|||||0|0|0|0|0|0|100|100|100|100|100|100|50|63|75|5|23|30||78.5|||3.2|||12.4|||20.6|||27.1|||15.2|||16.5||||||||2|5|10||||0|0|0||||1.5|1.6|1.7|||||1.67|||42|92|141|0.06|0.08|0.1||18.2|||12.4|||3.6|||38||0|1.5|2.9|9|12|16|0|0|2|0|0|0|".49"|".49"|0|0|0|0|0|0|0|0|0|0|0|0|0.5|1.2|2.5|0.4|0.9|1.9|1|2.4|4.4|5.1|5.6|6|||||||||||||||||||||||||||||||||"6815925"|"18950621"
"H1"||"H"||1||0|||30|||||0|0|0|0|0|0|100|100|100|100|100|100|50|63|85|15|23|45||77.7|||3|||12.2|||20.4|||26.9|||15.2|||16.3||||||||4|6|15||||0.5|0.75|1||||1.5|1.6|1.7|||||1.67|||42|92|141|0.07|0.09|0.1||20.5|||15|||5.5|||37||0|1.5|2.9|11|12|20|0|0|4|0|0|0|".43"|".43"|0|0|0|0|0|0|0|0|0|0|0|0|2.1|3.2|6|1.6|2.4|4.5|1|2.4|4.4|5.6|5.8|6|||||||||||||||||||||||||||||||||"6815925"|"18950719"
"H2"||"H"||2||30|||81|||||0|0|0|0|0|0|100|100|100|100|100|100|60|65|90|30|35|55||65.7|||4.3|||13.3|||16.5|||19.9|||11.7|||22.8||||||||6|11.5|25||||0|0|0||||1.3|1.4|1.5|||||1.46|||14|28|42|0.1|0.13|0.16|||||16.4|||6.8|||45||0|1.5|2.9|12|17|30|0|3|10|0|0|3|".49"|".49"|0|0|0|0|0|0|0|0|0|0|0|0|1.5|2.9|6.2|1.1|2.2|4.7|1|2.4|4.4|5.6|5.8|6|||||||||||||||||||||||||||||||||"6815925"|"18950571"
"H3"||"H"||3||76|||152|||||0|0|0|0|0|0|90|100|100|80|100|100|40|73|80|4|28|35||93.2|||0|||1.4|||17|||58.2|||16.6|||1.3||||||||1|5.5|10||||0|0.1|0.2||||1.6|1.65|1.7|||||1.73|||42|92|141|0.03|0.05|0.06||14.9|||11.1|||4.3|||36||0|1.5|2.9|8|12|16|0|0|2|0|0|0|".10"|".10"|0|0|0|0|0|0|0|0|0|0|0|0|0.2|1.6|3|0.2|1.2|2.2|1|2.4|4.4|4.5|5|5.5|||||||||||||||||||||||||||||||||"6815883"|"18950606"
"H1"||"H"||1||0|||20|||||0|0|0|0|0|0|90|100|100|80|100|100|40|65|85|12|35|55||43|||1.9|||0.7|||9.5|||18.2|||12.7|||38.5||||||||10|18.5|27||||2|3|4||||1.2|1.3|1.4|||||1.36|||14|28|42|0.16|0.19|0.22|||||22.6|||13.7|||47||0|1.5|2.9|16|24|31|2|6|10|0|0|3|".32"|".32"|0|0|0|0|0|0|0|0|0|0|0|0|7|11.4|15.8|5.2|8.5|11.8|1|2.4|4.4|4.5|5|5.5|||||||||||||||||||||||||||||||||"6815883"|"18950704"
"H2"||"H"||2||20|||76|||||0|0|0|0|0|0|90|100|100|80|100|100|48|65|95|24|35|75||34.4|||0.1|||0.7|||7.8|||15.9|||11.3|||37.6||||||||18|28|35||||0.5|0.75|1||||1.3|1.38|1.45|||||1.44|||4|9|14|0.12|0.14|0.16|||||25|||17.1|||45||0|1.5|2.9|23|32|38|6|11|14|0|0|10|".32"|".32"|0|0|0|0|0|0|0|0|0|0|0|0|5.6|8.7|11|4.2|6.5|8.2|1|2.4|4.4|4.5|5|5.5|||||||||||||||||||||||||||||||||"6815883"|"18950556"
"H2"||"H"||2||23|||74|||||0|0|0|0|0|0|90|100|100|80|100|100|48|85|90|24|45|55||34.4|||0.8|||5.1|||9.1|||12.5|||6.9|||37.6||||||||18|28|35||||0.5|0.75|1||||1.3|1.38|1.45|||||1.44|||4|9|14|0.12|0.14|0.16|||||25|||17.1|||45||0|1.5|2.9|23|32|38|6|11|14|0|1|5|".32"|".32"|0|0|0|0|0|0|0|0|0|0|0|0|5.6|8.7|11|4.2|6.5|8.2|1|2.4|4.4|4.5|5|5.5|||||||||||||||||||||||||||||||||"6815892"|"18950630"
"H3"||"H"||3||74|||152|||||0|0|0|0|0|0|90|100|100|80|100|100|40|60|80|4|10|30||93.2|||0.6|||12.7|||36.1|||36.7|||7.1|||1.3||||||||1|5.5|10||||0|0.1|0.2||||1.6|1.65|1.7|||||1.73|||42|92|141|0.03|0.05|0.06||14.7|||10.9|||4.2|||36||0|1.5|2.9|8|12|16|0|0|2|0|0|0|".10"|".10"|0|0|0|0|0|0|0|0|0|0|0|0|0.2|1.6|3|0.2|1.2|2.2|1|2.4|4.4|4.5|5|5.5|||||||||||||||||||||||||||||||||"6815892"|"18950680"
"H1"||"H"||1||0|||23|||||0|0|0|0|0|0|90|100|100|80|100|100|40|65|70|12|35|40||43|||1.9|||0.7|||9.5|||18.2|||12.7|||38.5||||||||10|18.5|27||||2|3|4||||1.2|1.3|1.4|||||1.36|||14|28|42|0.16|0.19|0.22|||||22.6|||13.7|||47||0|1.5|2.9|16|24|31|2|6|10|0|0|0|".32"|".32"|0|0|0|0|0|0|0|0|0|0|0|0|7|11.4|15.8|5.2|8.5|11.8|1|2.4|4.4|4.5|5|5.5|||||||||||||||||||||||||||||||||"6815892"|"18950729"
"H1"||"H"||1||0|||20|||||0|0|0|0|0|0|99|100|100|95|100|100|48|65|70|14|35|40||66.9|||4.7|||13.6|||16.7|||20.1|||11.8|||23.1||||||||5|10|15||||0.5|1.25|2||||1.45|1.55|1.65|||||1.62|||14|28|42|0.1|0.13|0.15|||||18.1|||8.4|||39||0|1.5|2.9|12|16|20|0|2|4|0|0|0|".20"|".20"|0|0|0|0|0|0|0|0|0|0|0|0|2.4|5.3|8.2|1.8|4|6.2|1|2.4|4.4|4.5|5|5.5|||||||||||||||||||||||||||||||||"6815865"|"18950558"
"H2"||"H"||2||20|||91|||||0|0|0|0|0|0|99|100|100|95|100|100|57|85|90|28|45|55||55.8|||1.3|||8.2|||14.8|||20.2|||11.3|||17.7||||||||18|26.5|35||||0|0|0||||1.4|1.5|1.6|||||1.57|||4|9|14|0.12|0.14|0.15|||||24.7|||16.7|||41||0|1.5|2.9|23|30|31|6|10|14|0|1|4|".24"|".24"|0|0|0|0|0|0|0|0|0|0|0|0|4.4|6.6|8.8|3.4|5|6.6|1|2.4|4.4|4.5|5|5.5|||||||||||||||||||||||||||||||||"6815865"|"18950608"
"H3"||"H"||3||91|||152|||||0|0|0|0|0|0|99|100|100|95|100|100|48|63|75|5|23|30||77.7|||3|||12.2|||20.4|||26.9|||15.2|||16.3||||||||2|6|10||||0|0|0||||1.6|1.65|1.7|||||1.73|||42|92|141|0.03|0.05|0.06||19.3|||13.6|||4.5|||36||0|1.5|2.9|9|12|16|0|0|2|0|0|0|".10"|".10"|0|0|0|0|0|0|0|0|0|0|0|0|0.5|1.5|2.5|0.4|1.1|1.9|1|2.4|4.4|4.5|5|5.5|||||||||||||||||||||||||||||||||"6815865"|"18950658"
"H1"||"H"||1||0|||36|||||0|0|0|0|0|0|100|100|100|100|100|100|60|90|100|30|58|90||62.7|||0|||0.1|||2.2|||24.2|||36.2|||23.3||||||||8|14|20||||4|6|8||||1.2|1.3|1.4|||||1.36|||4|9|14|0.08|0.12|0.15|||||24|||15.7|||46||0|1.5|2.9|14|20|25|1|4|7|0|0|4|".24"|".24"|0|0|0|0|0|0|0|0|0|0|0|0|11|17|23|8.3|12.8|17.3|1|2.4|4.4|6.1|7.3|8.4|||||||||||||||||||||||||||||||||"6815907"|"18950620"
"H2"||"H"||2||36|||178|||||0|0|0|0|0|0|100|100|100|100|100|100|60|78|95|30|48|75||67.5|||0.3|||4.7|||15|||29.3|||18.2|||21||||||||8|11.5|15||||0|0|0||||1.3|1.4|1.5|||||1.46|||4|9|14|0.08|0.12|0.15|||||17|||7.2|||45||0|1.5|2.9|14|17|20|1|3|4|0|0|0|".10"|".10"|0|0|0|0|0|0|0|0|0|0|0|0|2|3|3.8|1.5|2.2|2.8|1|2.4|4.4|6.1|7.3|8.4|||||||||||||||||||||||||||||||||"6815907"|"18950670"
"H1"||"A"||||0|||51|||||0|0|0|0|0|0|100|100|100|98|99|100|90|95|100|80|90|95||||||||||||||||||||||||||||27|33.5|40||||10|17.5|25||||1.1|1.18|1.25|||||1.47|||1.4|8|14|0.21|0.22|0.23|||||39.4|||33.5|||46||6|7.5|8.9|40|77|90|16|20.5|25|12|29|39|".32"|".32"|0|0|0|0|0|0|0|0|0|0|0|0|32|52.4|70.2|24|39.3|52.6|1|2.4|4.4|6.1|7.3|8.4|||||||||||||||||||||||||||||||||"6815906"|"18950617"
"H2"||"C"||1||51|||152|||||0|0|0|0|0|0|100|100|100|98|99|100|90|95|100|80|90|95||5.5|||0.2|||0.3|||0.6|||1.7|||2.7|||47||||||||35|47.5|60||||5|12.5|20||||1.3|1.45|1.6|||||1.8|||0.01|0.2|0.42|0.12|0.13|0.14|||||35.2|||31.6|||37||6|7.5|8.9|40|77|90|22|30.5|39|16|36|50|".24"|".24"|0|0|0|0|0|0|0|0|0|0|0|0|23.5|43.8|66|17.6|32.8|49.5|1|2.4|4.4|6.1|7.3|8.4|||||||||||||||||||||||||||||||||"6815906"|"18950667"
"H3"||"C"||2||152|||203|||||0|0|0|0|0|0|99|99.5|100|98|99|100|49|74.5|100|5|50|95||||||||||||||||||||||||||||5|35|60||||5|12.5|20||||1.3|1.45|1.6|||||1.8|||0.01|0.2|0.42|0.12|0.17|0.22|||||35.2|||31.6|||37||6|7.5|8.9|15|67|90|1|20|39|0|8|50|".24"|".24"|0|0|0|0|0|0|0|0|0|0|0|0|13|39.2|66|9.8|29.4|49.5|1|2.4|4.4|6.1|7.3|8.4|||||||||||||||||||||||||||||||||"6815906"|"18950716"
"H3"||"H"||3||123|||152|||||0|0|0|0|0|0|30|40|100|10|28|100|6|17|70|3|8|40||65.9|||4.3|||14.1|||17.5|||19.6|||10.4|||19.1||||||||5|15|20||||0|0|0||||1.2|1.3|1.4|||||1.74|||1.4|2|4|0.12|0.14|0.16|||||7.9|||3.6|||21||3|4.5|5.9|12|20|25|0|4|7|0|0|0|".05"|".28"|0|0|0|0|0|0|0|0|0|0|0|0|1.2|3.8|5|0.9|2.8|3.8|4.4|8.6|13.9|6.1|7|8.4|||||||||||||||||||||||||||||||||"6815901"|"18950554"
"H1"||"H"||1||0|||25|||||0|0|0|0|0|0|100|100|100|95|100|100|57|65|70|28|35|40||67.9|||4.5|||14.5|||18|||20.2|||10.7|||19.6||||||||5|12.5|20||||2|5|8||||1.2|1.3|1.4|||||1.36|||14|28|42|0.1|0.13|0.15|||||22.1|||13|||46||0|1.5|2.9|10|12|25|0|3|7|0|0|0|".24"|".24"|0|0|0|0|0|0|0|0|0|0|0|0|5.8|14.4|23|4.3|10.8|17.2|4.4|8.6|13.9|4.5|5.5|6.5|||||||||||||||||||||||||||||||||"6815901"|"18950653"
"H2"||"H"||2||25|||123|||||0|0|0|0|0|0|100|100|100|95|100|100|76|90|100|33|53|95||47.8|||4.4|||7.4|||11.9|||15.5|||8.6|||7.2||||||||30|45|60||||0|0|0||||1.45|1.53|1.6|||||1.9|||0.42|1|1.4|0.13|0.16|0.18|||||32.2|||24.8|||40||6|7.5|8.9|34|40|61|12|20|27|0|7|31|".32"|".32"|0|0|0|0|0|0|0|0|0|0|0|0|7.5|11.2|15|5.6|8.4|11.2|4.4|8.6|13.9|5.1|6.8|8.4|||||||||||||||||||||||||||||||||"6815901"|"18950702"
"H1"||"H"||1||0|||28|||||0|0|0|0|0|0|90|100|100|80|100|100|48|78|85|24|48|55||46|||4.5|||5.3|||9.2|||15.3|||11.7|||44||||||||5|10|15||||0.5|0.75|1||||1.3|1.38|1.45|||||1.44|||4|9|14|0.14|0.17|0.2|||||16.9|||7.2|||45||0|1.5|2.9|15|22.5|30|0|5|10|0|0|3|".37"|".37"|0|0|0|0|0|0|0|0|0|0|0|0|2.9|5.2|7.5|2.2|3.9|5.6|1|2.4|4.4|3.6|4.6|5.5|||||||||||||||||||||||||||||||||"6815899"|"18950598"
"H2"||"H"||2||28|||123|||||0|0|0|0|0|0|90|100|100|80|100|100|80|95|100|35|75|85||28.1|||1.7|||2.4|||5.4|||10.2|||8.4|||29.4||||||||35|42.5|50||||0|0.25|0.5||||1.45|1.53|1.6|||||1.75|||1.4|3|4|0.12|0.16|0.19|||||35|||23.8|||40||3|4.5|5.9|35|47.5|60|16|28|40|1|20|36|".28"|".28"|0|0|0|0|0|0|0|0|0|0|0|0|12.2|15.4|18.6|9.2|11.6|14|1|2.4|4.4|3.6|4.6|5.5|||||||||||||||||||||||||||||||||"6815899"|"18950648"
"H3"||"H"||3||123|||152|||||0|0|0|0|0|0|90|100|100|80|100|100|48|85|90|24|45|55||60|||5.6|||14.3|||14.5|||16|||9.6|||22.5||||||||5|17.5|30||||0|0.25|0.5||||1.3|1.4|1.5|||||1.46|||4|23|42|0.05|0.1|0.14|||||20.2|||10.6|||45||0|1.5|2.9|15|22.5|30|0|5|10|0|0|3|".17"|".17"|0|0|0|0|0|0|0|0|0|0|0|0|1.8|6.7|11.6|1.3|5|8.7|1|2.4|4.4|3.6|4.6|5.5|||||||||||||||||||||||||||||||||"6815899"|"18950697"
"H1"||"A"||1||0|||30|||||0|0|0|0|0|0|98|99|100|95|97.5|100|57|75|100|28|46|90||67.3|||0.1|||3.1|||15.3|||32.3|||16.5|||20.2||||||||5|12.5|18||||1|3.5|6||||1.3|1.45|1.6|||||1.52|||14|28|42|0.14|0.15|0.16|||||21.7|||12.8|||41||0|1.5|2.9|12|17.5|23|1|4|7|0|0|4|".24"|".24"|0|0|0|0|0|0|0|0|0|0|0|0|3.5|10.9|18|2.6|8.2|13.5|1|2.4|4.4|3.6|5.1|6.5|||||||||||||||||||||||||||||||||"6815910"|"18950678"
"H2"||"B"||1||30|||183|||||0|0|0|0|0|0|96|98|100|95|97.5|100|80|90|100|35|70|95||40|||0|||||||||||||||33.5||||||||18|26.5|50||||0.5|0.75|1||||1.4|1.48|1.55|||||1.55|||4|9|14|0.12|0.16|0.19|||||30.4|||16.4|||41||0|1.5|2.9|23|31|39|7|11.5|16|0|6|16|".15"|".15"|0|0|0|0|0|0|0|0|0|0|0|0|5.6|8.2|11|4.2|6.1|8.2|1|2.4|4.4|3.6|4.6|5.5|||||||||||||||||||||||||||||||||"6815910"|"18950727"
"H1"||"H"||1||0|||30|||||0|0|0|0|0|0|100|100|100|100|100|100|60|78|95|30|48|75||67.5|||0.3|||4.7|||15|||29.3|||18.2|||21||||||||5|11.5|18||||0.5|1.25|2||||1.45|1.53|1.6|||||1.6|||14|28|42|0.1|0.13|0.15|||||19.4|||9.7|||40||0|1.5|2.9|12|17|23|0|3|6|0|0|2|".28"|".28"|0|0|0|0|0|0|0|0|0|0|0|0|2.4|5.7|9|1.8|4.3|6.8|1|2.4|4.4|4.5|5.3|6|||||||||||||||||||||||||||||||||"6815908"|"18950573"
"H2"||"H"||2||30|||183|||||0|0|0|0|0|0|100|100|100|100|100|100|80|85|100|35|45|80||55.8|||1.3|||8.2|||14.8|||20.2|||11.3|||17.7||||||||18|26.5|35||||0|0.25|0.5||||1.35|1.43|1.5|||||1.5|||4|9|14|0.12|0.16|0.2|||||24.4|||16.2|||44||0|1.5|2.9|23|30|31|6|10|14|0|1|9|".32"|".32"|0|0|0|0|0|0|0|0|0|0|0|0|4.5|7.2|9.9|3.4|5.4|7.4|1|2.4|4.4|4.5|5.3|6|||||||||||||||||||||||||||||||||"6815908"|"18950623"
"H2"||"H"||2||25|||104|||||0|0|0|0|0|0|97.5|100|100|97.5|100|100|58|85|100|29|45|80||57|||1.3|||8.4|||15.1|||20.7|||11.5|||18||||||||10|25|35||||0|0|0||||1.4|1.45|1.5|||||1.52|||4|9|14|0.1|0.13|0.15|||||23.7|||15.2|||43||0|1.5|2.9|16|30|38|2|10|14|0|1|11|".24"|".24"|0|0|0|0|0|0|0|0|0|0|0|0|2.5|6.2|8.8|1.9|4.7|6.6|1|2.4|4.4|3.6|4.8|6|||||||||||||||||||||||||||||||||"6815905"|"18950565"
"H3"||"H"||3||104|||163|||||0|0|0|0|0|0|90|95|100|80|92.5|100|40|57|70|4|21|40||71.3|||0.6|||9|||24.3|||28.9|||8.5|||16.7||||||||1|12|20||||0|0|0||||1.4|1.45|1.5|||||1.52|||14|78|141|0.04|0.07|0.1||21.7|||16.8|||7.5|||41||0|1.5|2.9|8|18|25|0|3|7|0|0|0|".15"|".15"|0|0|0|0|0|0|0|0|0|0|0|0|0.1|3|5|0.1|2.2|3.8|1|2.4|4.4|3.6|4.8|6|||||||||||||||||||||||||||||||||"6815905"|"18950615"
"H1"||"H"||1||0|||25|||||0|0|0|0|0|0|97.5|100|100|97.5|100|100|49|78|85|14|48|55||68.8|||0.1|||3.2|||15.6|||33|||16.9|||16.2||||||||10|15|18||||0.5|1.25|2||||1.35|1.4|1.45|||||1.46|||14|28|42|0.1|0.13|0.16|||||20.6|||11.1|||44||0|1.5|2.9|14|18|23|1|3|6|0|0|0|".20"|".20"|0|0|0|0|0|0|0|0|0|0|0|0|3.1|5.8|9|2.3|4.4|6.8|1|2.4|4.4|3.6|4.8|6|||||||||||||||||||||||||||||||||"6815905"|"18950713"
"H3"||"H"||3||74|||152|||||0|0|0|0|0|0|90|100|100|80|100|100|40|60|80|4|10|30||93.2|||0.6|||12.7|||36.1|||36.7|||7.1|||1.3||||||||1|5.5|10||||0|0.1|0.2||||1.6|1.65|1.7|||||1.73|||42|92|141|0.03|0.05|0.06||14.7|||10.9|||4.2|||36||0|1.5|2.9|8|12|16|0|0|2|0|0|0|".10"|".10"|0|0|0|0|0|0|0|0|0|0|0|0|0.2|1.6|3|0.2|1.2|2.2|1|2.4|4.4|4.5|5|5.5|||||||||||||||||||||||||||||||||"6815902"|"18950557"
"H1"||"H"||1||0|||23|||||0|0|0|0|0|0|90|100|100|80|100|100|40|65|70|12|35|40||43|||1.9|||0.7|||9.5|||18.2|||12.7|||38.5||||||||10|18.5|27||||2|3|4||||1.2|1.3|1.4|||||1.36|||14|28|42|0.16|0.19|0.22|||||22.6|||13.7|||47||0|1.5|2.9|16|24|31|2|6|10|0|0|0|".32"|".32"|0|0|0|0|0|0|0|0|0|0|0|0|7|11.4|15.8|5.2|8.5|11.8|1|2.4|4.4|4.5|5|5.5|||||||||||||||||||||||||||||||||"6815902"|"18950656"
"H2"||"H"||2||23|||74|||||0|0|0|0|0|0|90|100|100|80|100|100|48|85|90|24|45|55||34.4|||0.8|||5.1|||9.1|||12.5|||6.9|||37.6||||||||18|28|35||||0.5|0.75|1||||1.3|1.38|1.45|||||1.44|||4|9|14|0.12|0.14|0.16|||||25|||17.1|||45||0|1.5|2.9|23|32|38|6|11|14|0|1|5|".32"|".32"|0|0|0|0|0|0|0|0|0|0|0|0|5.6|8.7|11|4.2|6.5|8.2|1|2.4|4.4|4.5|5|5.5|||||||||||||||||||||||||||||||||"6815902"|"18950705"
"H1"||"A"||||0|||15|||||0|0|0|0|0|0|100|100|100|100|100|100|50|72|80|5|28|35||93.2|||0|||1.4|||17|||58.2|||16.6|||1.3||||||||1|5.5|10||||0.5|1.75|3||||1.35|1.52|1.7|||||1.55|||42|92|141|0.05|0.08|0.1||16.5|||13.2|||6.4|||40||0|0.7|1.5|8|9|10|0|1.5|3|0|0|0|".10"|".10"|0|0|0|0|0|0|0|0|0|0|0|0|1.4|5.2|9.2|1|3.9|6.9|1|2.4|4.4|3.6|4.8|6|||||||||||||||||||||||||||||||||"6815903"|"18950609"
"H2"||"C"||1||15|||152|||||0|0|0|0|0|0|100|100|100|100|100|100|50|65|80|5|15|35||92.9|||0.6|||12.7|||36|||36.6|||7|||1.6||||||||1|5.5|10||||0|0.25|0.5||||1.6|1.65|1.7|||||1.68|||42|92|141|0.05|0.06|0.07||15|||11.2|||4.4|||36||0|0.7|1.5|8|9|10|0|1.5|3|0|0|0|".10"|".10"|0|0|0|0|0|0|0|0|0|0|0|0|0.2|1.8|3.6|0.2|1.4|2.7|1|2.4|4.4|4.5|5.5|6.5|||||||||||||||||||||||||||||||||"6815903"|"18950659"
"H1"||"H"||1||0|||38|||||0|0|0|0|0|0|98|100|100|98|100|100|83|90|95|58|68|75||44.3|||4.3|||5.9|||7.9|||13.7|||12.5|||40.7||||||||10|15|25||||0.5|2|3||||1.3|1.35|1.4|||||1.41|||4|23|42|0.12|0.15|0.18|||||26.4|||10.6|||46||0|1.5|2.9|16|20.5|29.5|3|5.5|11|0|0|6|".24"|".24"|0|0|0|0|0|0|0|0|0|0|0|0|3.6|8.2|13|2.7|6.2|9.8|1|2.4|4.4|3.6|4|5.5|||||||||||||||||||||||||||||||||"6815900"|"18950551"
"H2"||"H"||2||38|||76|||||0|0|0|0|0|0|98|100|100|98|100|100|78|95|100|34|80|90||20.5|||1.4|||2.1|||1.9|||6.5|||8.6|||54.5||||||||10|25|35||||0|0|0||||1.45|1.5|1.55|||||1.57|||4|9|14|0.14|0.17|0.2|||||29.7|||15|||41||0|1.5|2.9|16|30|31|3|11|14|0|7|11|".28"|".28"|0|0|0|0|0|0|0|0|0|0|0|0|2.5|6.2|8.8|1.9|4.7|6.6|1|2.4|4.4|3.6|4|5.5|||||||||||||||||||||||||||||||||"6815900"|"18950601"
"H3"||"H"||3||76|||152|||||0|0|0|0|0|0|98|100|100|98|100|100|49|68|75|5|23|30||79||||||||||||||||||15||||||||2|6|10||||0|0|0||||1.4|1.53|1.65|||||1.6|||42|92|141|0.02|0.04|0.05||18.9|||13.2|||4.1|||40||0|1.5|2.9|8|12|16|0|1|3|0|0|0|".17"|".17"|0|0|0|0|0|0|0|0|0|0|0|0|0.3|1.5|2.5|0.3|1.1|1.9|1|2.4|4.4|3.6|4|5.5|||||||||||||||||||||||||||||||||"6815900"|"18950651"
"H2"||"H"||2||25|||152|||||0|0|0|0|0|0|100|100|100|100|100|100|60|85|90|30|45|55||66.9|||6.1|||7.4|||15.6|||23.4|||14.4|||20.1||||||||5|13|20||||0.5|0.75|1||||1.25|1.35|1.6|||||1.41|||14|28|42|0.06|0.09|0.12|||||18.1|||8.3|||46||0|1.5|2.9|0|16|32|0|4.5|9|0|0|2|".17"|".17"|0|0|0|0|0|0|0|0|0|0|0|0|2.4|4.9|7.2|1.8|3.7|5.4|1|2.4|4.4|4.5|5|5.5|||||||||||||||||||||||||||||||||"6815898"|"18950546"
"H1"||"H"||1||0|||25|||||0|0|0|0|0|0|100|100|100|100|100|100|50|65|70|15|35|40||66.2|||4.5|||13.4|||16.6|||20|||11.7|||23.3||||||||3|10.5|20||||0.5|1.25|2||||1.25|1.35|1.6|||||1.41|||14|28|42|0.07|0.11|0.14|||||17.3|||7.6|||46||0|1.5|2.9|0|13|26|0|2.5|5|0|0|0|".20"|".20"|0|0|0|0|0|0|0|0|0|0|0|0|1.9|5.4|9.5|1.4|4.1|7.1|1|2.4|4.4|4.5|5|5.5|||||||||||||||||||||||||||||||||"6815898"|"18950694"
"H2"||"H"||2||20|||76|||||0|0|0|0|0|0|90|100|100|80|100|100|48|65|95|24|35|75||34.4|||0.1|||0.7|||7.8|||15.9|||11.3|||37.6||||||||18|28|35||||0.5|0.75|1||||1.3|1.38|1.45|||||1.44|||4|9|14|0.12|0.14|0.16|||||25|||17.1|||45||0|1.5|2.9|23|32|38|6|11|14|0|0|10|".32"|".32"|0|0|0|0|0|0|0|0|0|0|0|0|5.6|8.7|11|4.2|6.5|8.2|1|2.4|4.4|4.5|5|5.5|||||||||||||||||||||||||||||||||"6815909"|"18950576"
"H3"||"H"||3||76|||152|||||0|0|0|0|0|0|90|100|100|80|100|100|40|73|80|4|28|35||93.2|||0|||1.4|||17|||58.2|||16.6|||1.3||||||||1|5.5|10||||0|0.1|0.2||||1.6|1.65|1.7|||||1.73|||42|92|141|0.03|0.05|0.06||14.9|||11.1|||4.3|||36||0|1.5|2.9|8|12|16|0|0|2|0|0|0|".10"|".10"|0|0|0|0|0|0|0|0|0|0|0|0|0.2|1.6|3|0.2|1.2|2.2|1|2.4|4.4|4.5|5|5.5|||||||||||||||||||||||||||||||||"6815909"|"18950626"
"H1"||"H"||1||0|||20|||||0|0|0|0|0|0|90|100|100|80|100|100|40|65|85|12|35|55||43|||1.9|||0.7|||9.5|||18.2|||12.7|||38.5||||||||10|18.5|27||||2|3|4||||1.2|1.3|1.4|||||1.36|||14|28|42|0.16|0.19|0.22|||||22.6|||13.7|||47||0|1.5|2.9|16|24|31|2|6|10|0|0|3|".32"|".32"|0|0|0|0|0|0|0|0|0|0|0|0|7|11.4|15.8|5.2|8.5|11.8|1|2.4|4.4|4.5|5|5.5|||||||||||||||||||||||||||||||||"6815909"|"18950724"
"H1"||"H"||1||0|||20|||||0|0|0|0|0|0|90|100|100|80|100|100|40|65|85|12|35|55||43|||1.9|||0.7|||9.5|||18.2|||12.7|||38.5||||||||10|18.5|27||||2|3|4||||1.2|1.3|1.4|||||1.36|||14|28|42|0.16|0.19|0.22|||||22.6|||13.7|||47||0|1.5|2.9|16|24|31|2|6|10|0|0|3|".32"|".32"|0|0|0|0|0|0|0|0|0|0|0|0|7|11.4|15.8|5.2|8.5|11.8|1|2.4|4.4|4.5|5|5.5|||||||||||||||||||||||||||||||||"6815911"|"18950581"
"H2"||"H"||2||20|||76|||||0|0|0|0|0|0|90|100|100|80|100|100|48|65|95|24|35|75||34.4|||0.1|||0.7|||7.8|||15.9|||11.3|||37.6||||||||18|28|35||||0.5|0.75|1||||1.3|1.38|1.45|||||1.44|||4|9|14|0.12|0.14|0.16|||||25|||17.1|||45||0|1.5|2.9|23|32|38|6|11|14|0|0|10|".32"|".32"|0|0|0|0|0|0|0|0|0|0|0|0|5.6|8.7|11|4.2|6.5|8.2|1|2.4|4.4|4.5|5|5.5|||||||||||||||||||||||||||||||||"6815911"|"18950631"
"H3"||"H"||3||76|||152|||||0|0|0|0|0|0|90|100|100|80|100|100|40|73|80|4|28|35||93.2|||0|||1.4|||17|||58.2|||16.6|||1.3||||||||1|5.5|10||||0|0.1|0.2||||1.6|1.65|1.7|||||1.73|||42|92|141|0.03|0.05|0.06||14.9|||11.1|||4.3|||36||0|1.5|2.9|8|12|16|0|0|2|0|0|0|".10"|".10"|0|0|0|0|0|0|0|0|0|0|0|0|0.2|1.6|3|0.2|1.2|2.2|1|2.4|4.4|4.5|5|5.5|||||||||||||||||||||||||||||||||"6815911"|"18950681"
"H1"||"H"||1||0|||46|||||0|0|0|0|0|8|90|100|100|80|100|100|48|78|85|24|48|55||68.5|||0.3|||4.7|||15.2|||29.8|||18.5|||21.5||||||||5|10|15||||0.5|1.25|2||||1.3|1.35|1.4|||||1.41|||14|28|42|0.08|0.11|0.14|||||17.4|||7.7|||46||0|1.5|2.9|12|16|20|0|2|4|0|0|0|".28"|".28"|0|0|0|0|0|0|0|0|0|0|0|0|2.4|5.3|8.2|1.8|4|6.2|1|2.4|4.4|4.5|5.3|6|||||||||||||||||||||||||||||||||"6815904"|"18950562"
"H2"||"H"||2||46|||135|||||0|0|0|0|0|8|90|100|100|80|100|100|48|85|90|24|45|55||57|||1.3|||8.4|||15.1|||20.7|||11.5|||18||||||||12|25|35||||0|0|0||||1.3|1.38|1.45|||||1.44|||14|28|42|0.12|0.15|0.18|||||23.2|||14.5|||46||0|1.5|2.9|18|30|38|3|10|14|0|1|5|".24"|".24"|0|0|0|0|0|0|0|0|0|0|0|0|3|6.2|8.8|2.2|4.7|6.6|1|2.4|4.4|4.5|5.3|6|||||||||||||||||||||||||||||||||"6815904"|"18950612"
"H3"||"H"||3||135|||178|||||0|0|0|0|0|8|90|100|100|80|100|100|40|65|90|12|35|55||65||||||||||||||||||23||||||||2|12|20||||0|0|0||||1.35|1.5|1.65|||||1.57|||4|9|14|0.12|0.15|0.18|||||17.3|||7.6|||41||0|1.5|2.9|9|18|25|0|3|7|0|0|1|".24"|".24"|0|0|0|0|0|0|0|0|0|0|0|0|0.3|3|5|0.2|2.2|3.8|1|2.4|4.4|4.5|5.3|6|||||||||||||||||||||||||||||||||"6815904"|"18950662"
