"H1"||"H"||1||0|||33|||||0|0|0|0|0|0|95|100|100|92.5|100|100|55|78|95|27|48|75||68.5|||0|||2.4|||14.8|||34.3|||17|||14.5||||||||10|17|24||||0.5|1.75|3||||1.3|1.4|1.5|||||1.46|||14|28|42|0.12|0.16|0.2|||||22.1|||13|||44||0|1.5|2.9|16|22|29|2|6|9|0|0|5|".24"|".24"|0|0|0|0|0|0|0|0|0|0|0|0|3.6|8.2|12.8|2.7|6.1|9.6|1|2.4|4.4|3.6|5.1|6.5|||||||||||||||||||||||||||||||||"6787259"|"18863086"
"H2"||"H"||2||33|||135|||||0|0|0|0|0|0|97.5|100|100|92.5|98|100|74|83|100|32|44|80||55.8|||1.3|||8.2|||14.8|||20.2|||11.3|||17.7||||||||18|26.5|35||||0|0|0||||1.3|1.4|1.5|||||1.46|||4|9|14|0.12|0.16|0.2|||||23.7|||15.4|||44||0|1.5|2.9|23|31|38|6|10|14|0|1|11|".24"|".24"|0|0|0|0|0|0|0|0|0|0|0|0|4.5|6.8|8.8|3.4|5.1|6.6|1|2.4|4.4|3.6|4.8|6|||||||||||||||||||||||||||||||||"6787259"|"18863137"
"H3"||"H"||3||135|||165|||||0|0|0|0|0|0|92.5|100|100|77.5|95|100|38|74|85|4|45|55||68|||0.1|||3.2|||15.4|||32.6|||16.7|||16||||||||7|16|20||||0|0|0||||1.3|1.4|1.5|||||1.47|||14|28|42|0.06|0.09|0.12|||||19.2|||9.8|||44||0|1.5|2.9|9|21|25|0|5|7|0|0|1|".24"|".24"|0|0|0|0|0|0|0|0|0|0|0|0|0.3|4|5|0.2|3|3.8|1|2.4|4.4|3.6|4.8|6|||||||||||||||||||||||||||||||||"6787259"|"18863188"
"H1"||"H"||1||0|||23|||||0|0|0|0|0|0|100|100|100|97.5|100|100|58|78|100|29|48|90||68.5|||0|||2.4|||14.8|||34.3|||17|||14.5||||||||7|17|27||||0.5|1.25|2||||1.3|1.38|1.45|||||1.44|||1.4|8|14|0.12|0.14|0.15|||||21.4|||12.2|||45||0|1.5|2.9|13|22|31|0|6|10|0|0|8|".32"|".32"|0|0|0|0|0|0|0|0|0|0|0|0|2.9|7.1|11.2|2.2|5.3|8.4|1|2.4|4.4|3.6|5.1|6.5|||||||||||||||||||||||||||||||||"6787265"|"18863049"
"H2"||"H"||2||23|||135|||||0|0|0|0|0|0|100|100|100|97.5|100|100|83|95|100|44|85|95||23.3|||3.2|||3.7|||4.3|||6.5|||5.6|||29.2||||||||30|47.5|60||||0|0|0||||1.3|1.38|1.45|||||1.57|||0.42|1|1.4|0.12|0.14|0.15|||||38.9|||25.5|||46||3|4.5|5.9|34|50|61|12|21|27|2|20|31|".32"|".32"|0|0|0|0|0|0|0|0|0|0|0|0|7|12|15|5.6|9|11.2|1|2.4|4.4|3.6|4.6|5.5|||||||||||||||||||||||||||||||||"6787265"|"18863101"
"H3"||"H"||3||135|||203|||||0|0|0|0|0|0|100|100|100|97.5|100|100|49|85|100|14|45|55||57|||1.3|||8.4|||15.1|||20.7|||11.5|||18||||||||5|25|35||||0|0|0||||1.35|1.48|1.6|||||1.55|||1.4|22|42|0.08|0.11|0.14|||||23.9|||15.5|||42||0|1.5|2.9|12|30|38|0|10|14|0|1|5|".32"|".32"|0|0|0|0|0|0|0|0|0|0|0|0|1.2|6.2|8.8|0.9|4.7|6.6|1|2.4|4.4|3.6|4.6|5.5|||||||||||||||||||||||||||||||||"6787265"|"18863152"
"H3"||"H"||3||142|||165|||||0|0|0|0|0|0|80|100|100|77.5|100|100|46|65|95|23|35|60||65|||4|||14.2|||18|||19.3|||9.5|||17||||||||12|18|40||||0|0|0||||1.4|1.5|1.6|||||1.71|||1.4|8|14|0.1|0.13|0.16|||||20.8|||11.3|||41||3|4.5|5.9|18|23|43|3|6|17|0|0|3|".28"|".28"|0|0|0|0|0|0|0|0|0|0|0|0|3|4.5|10|2.2|3.4|7.5|1|2.4|4.4|4.5|5|5.5|||||||||||||||||||||||||||||||||"6787277"|"18863026"
"H1"||"H"||1||0|||61|||||0|0|0|0|0|0|80|100|100|77.5|100|100|40|55|70|15|22.5|30||77.4|||0|||1.9|||12.6|||38.4|||24.5|||16.1||||||||3|6.5|10||||0.25|1.5|3||||1.3|1.5|1.7|||||1.57|||42|92|141|0.05|0.08|0.1||21.5|||16.2|||6.6|||41||0|1.5|2.9|10|13|16|0|0|2|0|0|0|".10"|".10"|0|0|0|0|0|0|0|0|0|0|0|0|1.2|5.1|9.2|0.9|3.8|6.9|1|2.4|4.4|4.5|5|5.5|||||||||||||||||||||||||||||||||"6787277"|"18863128"
"H2"||"H"||2||61|||142|||||0|0|0|0|0|0|80|100|100|77.5|100|100|46|85|100|23|45|95||57|||1.3|||8.4|||15.1|||20.7|||11.5|||18||||||||8|25|50||||0|0|0||||1.4|1.5|1.6|||||1.57|||4|9|14|0.1|0.13|0.15|||||24.1|||15.8|||41||0|1.5|2.9|14|30|52|1|10|22|0|1|25|".24"|".24"|0|0|0|0|0|0|0|0|0|0|0|0|2|6.2|12.5|1.5|4.7|9.4|1|2.4|4.4|4.5|5|5.5|||||||||||||||||||||||||||||||||"6787277"|"18863179"
"H2"||"H"||2||23|||135|||||0|0|0|0|0|0|100|100|100|97.5|100|100|83|95|100|44|85|95||23.3|||3.2|||3.7|||4.3|||6.5|||5.6|||29.2||||||||30|47.5|60||||0|0|0||||1.3|1.38|1.45|||||1.57|||0.42|1|1.4|0.12|0.14|0.15|||||38.9|||25.5|||46||3|4.5|5.9|34|50|61|12|21|27|2|20|31|".32"|".32"|0|0|0|0|0|0|0|0|0|0|0|0|7|12|15|5.6|9|11.2|1|2.4|4.4|3.6|4.6|5.5|||||||||||||||||||||||||||||||||"6787276"|"18863023"
"H3"||"H"||3||135|||203|||||0|0|0|0|0|0|100|100|100|97.5|100|100|49|85|100|14|45|55||57|||1.3|||8.4|||15.1|||20.7|||11.5|||18||||||||5|25|35||||0|0|0||||1.35|1.48|1.6|||||1.55|||1.4|22|42|0.08|0.11|0.14|||||23.9|||15.5|||42||0|1.5|2.9|12|30|38|0|10|14|0|1|5|".32"|".32"|0|0|0|0|0|0|0|0|0|0|0|0|1.2|6.2|8.8|0.9|4.7|6.6|1|2.4|4.4|3.6|4.6|5.5|||||||||||||||||||||||||||||||||"6787276"|"18863075"
"H1"||"H"||1||0|||23|||||0|0|0|0|0|0|100|100|100|97.5|100|100|58|78|100|29|48|90||68.5|||0|||2.4|||14.8|||34.3|||17|||14.5||||||||7|17|27||||0.5|1.25|2||||1.3|1.38|1.45|||||1.44|||1.4|8|14|0.12|0.14|0.15|||||21.4|||12.2|||45||0|1.5|2.9|13|22|31|0|6|10|0|0|8|".32"|".32"|0|0|0|0|0|0|0|0|0|0|0|0|2.9|7.1|11.2|2.2|5.3|8.4|1|2.4|4.4|3.6|5.1|6.5|||||||||||||||||||||||||||||||||"6787276"|"18863176"
"H2"||"H"||2||18|||216|||||0|0|0|0|0|0|99|100|100|98|100|100|88|97.5|100|67|92.5|95||7.2|||0.2|||0.4|||0.8|||2.3|||3.5|||47.8||||||||27|45|60||||0|0|0||||1.25|1.3|1.35|||||1.48|||1.4|3|4|0.12|0.16|0.19|||||31.6|||23.7|||48||3|4.5|5.9|31|48|61|10|20|27|4|21|31|".37"|".37"|0|0|0|0|0|0|0|0|0|0|0|0|6.8|11.2|15|5.1|8.4|11.2|1|2.4|4.4|3.6|4.6|5.5|||||||||||||||||||||||||||||||||"6787291"|"18863111"
"H1"||"H"||1||0|||18|||||0|0|0|0|0|0|99|100|100|98|100|100|83|95|100|58|80|90||29.1|||2.4|||3.4|||4.8|||9.1|||9.4|||53.4||||||||10|17.5|25||||0.5|1.25|2||||1.2|1.25|1.3|||||1.31|||4|9|14|0.1|0.14|0.17|||||26|||10.2|||50||0|1.5|2.9|16|23|30|2|6|10|0|2|8|".37"|".37"|0|0|0|0|0|0|0|0|0|0|0|0|3.6|7.3|10.8|2.7|5.5|8.1|1|2.4|4.4|3.6|4.6|5.5|||||||||||||||||||||||||||||||||"6787291"|"18863059"
"H3"||"H"||3||91|||152|||||0|0|0|0|0|0|85|100|100|80|100|100|50|78|85|5|37|45||78.6|||0|||1.9|||12.8|||39|||24.9|||16.4||||||||1|5|8||||0|0|0||||1.35|1.45|1.55|||||1.52|||14|78|141|0.04|0.06|0.08||17.7|||11.8|||3.3|||43||0|1.5|2.9|8|12|14|0|0|1|0|0|0|".17"|".17"|0|0|0|0|0|0|0|0|0|0|0|0|0.1|1.2|2|0.1|0.9|1.5|1|2.4|4.4|3.6|4.6|5.5|||||||||||||||||||||||||||||||||"6787257"|"18863030"
"H1"||"H"||1||0|||43|||||0|0|0|0|0|0|100|100|100|95|100|100|70|78|85|28|48|55||69.3|||0.3|||4.8|||15.4|||30.1|||18.7|||21.7||||||||4|9|14||||1|2|3||||1.2|1.28|1.35|||||1.34|||14|28|42|0.08|0.12|0.16|||||17.4|||7.6|||48||0|1.5|2.9|11|15|20|0|2|4|0|0|0|".20"|".20"|0|0|0|0|0|0|0|0|0|0|0|0|3.2|6.8|10.2|2.4|5.1|7.7|1|2.4|4.4|3.6|4.6|5.5|||||||||||||||||||||||||||||||||"6787257"|"18863132"
"H2"||"H"||2||43|||91|||||0|0|0|0|0|0|100|100|100|95|100|100|57|78|85|28|48|55||70.5|||0.1|||3.3|||16|||33.8|||17.3|||16.5||||||||8|13|18||||0|0|0||||1.2|1.28|1.35|||||1.34|||4|9|14|0.08|0.13|0.18|||||17.2|||7.5|||49||0|1.5|2.9|14|19|23|1|4|6|0|0|0|".17"|".17"|0|0|0|0|0|0|0|0|0|0|0|0|2|3.2|4.5|1.5|2.4|3.4|1|2.4|4.4|3.6|4.6|5.5|||||||||||||||||||||||||||||||||"6787257"|"18863183"
"H2"||"H"||2||33|||147|||||0|0|0|0|0|3|95|100|100|92.5|100|100|55|90|100|27|68|80||45|||4|||5.7|||7.8|||14.1|||13.4|||28.5||||||||18|26.5|35||||0|0|0||||1.35|1.5|1.6|||||1.71|||0.42|8|14|0.1|0.14|0.18|||||30.4|||15.9|||41||3|4.5|5.9|23|31|38|6|10|14|0|5|11|".28"|".28"|0|0|0|0|0|0|0|0|0|0|0|0|4.5|6.6|8.8|3.4|5|6.6|1|2.4|4.4|4.5|5|5.5|||||||||||||||||||||||||||||||||"6787294"|"18863066"
"H3"||"H"||3||147|||191|||||0|0|0|0|0|8|95|100|100|92.5|100|100|55|85|100|27|45|80||55.8|||1.3|||8.2|||14.8|||20.2|||11.3|||17.7||||||||18|26.5|35||||0|0|0||||1.3|1.4|1.5|||||1.46|||4|9|14|0.12|0.16|0.2|||||24|||15.6|||45||0|1.5|2.9|23|31|38|6|10|14|0|1|11|".24"|".24"|0|0|0|0|0|0|0|0|0|0|0|0|4.5|6.8|8.8|3.4|5.1|6.6|1|2.4|4.4|3.6|4.8|6|||||||||||||||||||||||||||||||||"6787294"|"18863118"
"H1"||"H"||1||0|||33|||||0|0|0|0|0|5|95|100|100|92.5|100|100|55|78|95|27|48|75||70.9|||0.1|||3.3|||16.1|||34|||17.4|||16.6||||||||7|12.5|18||||0.5|1.25|2||||1.3|1.35|1.4|||||1.41|||14|28|42|0.1|0.14|0.17|||||18.9|||9.2|||46||0|1.5|2.9|13|18|23|0|3|6|0|0|2|".28"|".28"|0|0|0|0|0|0|0|0|0|0|0|0|2.9|5.9|9|2.2|4.5|6.8|1|2.4|4.4|4.5|5|5.5|||||||||||||||||||||||||||||||||"6787294"|"18863219"
"H1"||"H"||1||0|||86|||||0|0|0|0|0|0|100|100|100|100|100|100|70|95|100|40|80|95||30.9|||2.6|||3.6|||5.1|||9.7|||9.9|||56.6||||||||7|12.5|35||||3|5|8||||1.3|1.4|1.55|||||1.46|||14|28|42|0.2|0.23|0.26|||||28.8|||13.6|||43||0|1.5|2.9|13|18|38|0|3|14|0|0|14|".17"|".17"|0|0|0|0|0|0|0|0|0|0|0|0|8.5|10.1|26.8|6.4|7.5|20.1|1|2.4|4.4|4.5|5|5.5|||||||||||||||||||||||||||||||||"6787296"|"18863123"
"H2"||"H"||2||86|||152|||||0|0|0|0|0|0|100|100|100|100|100|100|50|78|90|5|48|55||52|||4.3|||4.8|||11.1|||18.6|||13.2|||35.5||||||||0|12.5|30||||0|0|0||||1.45|1.55|1.65|||||1.62|||42|92|141|0.06|0.09|0.12|||||18.4|||8.7|||39||0|1.5|2.9|7|18|34|0|3|12|0|0|4|".17"|".17"|0|0|0|0|0|0|0|0|0|0|0|0|0|3.2|7.5|0|2.4|5.6|1|2.4|4.4|4.5|5|5.5|||||||||||||||||||||||||||||||||"6787296"|"18863174"
"H1"||"H"||1||0|||86|||||0|0|0|0|0|0|100|100|100|100|100|100|70|95|100|40|80|95||30.9|||2.6|||3.6|||5.1|||9.7|||9.9|||56.6||||||||7|12.5|35||||3|5|8||||1.3|1.4|1.55|||||1.46|||14|28|42|0.2|0.23|0.26|||||28.8|||13.6|||43||0|1.5|2.9|13|18|38|0|3|14|0|0|14|".17"|".17"|0|0|0|0|0|0|0|0|0|0|0|0|8.5|10.1|26.8|6.4|7.5|20.1|1|2.4|4.4|4.5|5|5.5|||||||||||||||||||||||||||||||||"6787258"|"18863084"
"H2"||"H"||2||86|||152|||||0|0|0|0|0|0|100|100|100|100|100|100|50|78|90|5|48|55||52|||4.3|||4.8|||11.1|||18.6|||13.2|||35.5||||||||0|12.5|30||||0|0|0||||1.45|1.55|1.65|||||1.62|||42|92|141|0.06|0.09|0.12|||||18.4|||8.7|||39||0|1.5|2.9|7|18|34|0|3|12|0|0|4|".17"|".17"|0|0|0|0|0|0|0|0|0|0|0|0|0|3.2|7.5|0|2.4|5.6|1|2.4|4.4|4.5|5|5.5|||||||||||||||||||||||||||||||||"6787258"|"18863135"
"H1"||"H"||1||0|||33|||||0|0|0|0|0|5|95|100|100|92.5|100|100|55|78|95|27|48|75||70.9|||0.1|||3.3|||16.1|||34|||17.4|||16.6||||||||7|12.5|18||||0.5|1.25|2||||1.3|1.35|1.4|||||1.41|||14|28|42|0.1|0.14|0.17|||||18.9|||9.2|||46||0|1.5|2.9|13|18|23|0|3|6|0|0|2|".28"|".28"|0|0|0|0|0|0|0|0|0|0|0|0|2.9|5.9|9|2.2|4.5|6.8|1|2.4|4.4|4.5|5|5.5|||||||||||||||||||||||||||||||||"6787267"|"18863054"
"H2"||"H"||2||33|||147|||||0|0|0|0|0|3|95|100|100|92.5|100|100|55|90|100|27|68|80||45|||4|||5.7|||7.8|||14.1|||13.4|||28.5||||||||18|26.5|35||||0|0|0||||1.35|1.5|1.6|||||1.71|||0.42|8|14|0.1|0.14|0.18|||||30.4|||15.9|||41||3|4.5|5.9|23|31|38|6|10|14|0|5|11|".28"|".28"|0|0|0|0|0|0|0|0|0|0|0|0|4.5|6.6|8.8|3.4|5|6.6|1|2.4|4.4|4.5|5|5.5|||||||||||||||||||||||||||||||||"6787267"|"18863106"
"H3"||"H"||3||147|||191|||||0|0|0|0|0|8|95|100|100|92.5|100|100|55|85|100|27|45|80||55.8|||1.3|||8.2|||14.8|||20.2|||11.3|||17.7||||||||18|26.5|35||||0|0|0||||1.3|1.4|1.5|||||1.46|||4|9|14|0.12|0.16|0.2|||||24|||15.6|||45||0|1.5|2.9|23|31|38|6|10|14|0|1|11|".24"|".24"|0|0|0|0|0|0|0|0|0|0|0|0|4.5|6.8|8.8|3.4|5.1|6.6|1|2.4|4.4|3.6|4.8|6|||||||||||||||||||||||||||||||||"6787267"|"18863157"
"H2"||"H"||2||15|||203|||||0|0|0|0|0|0|100|100|100|98|100|100|83|97.5|100|44|90|95||5.5|||0.2|||0.3|||0.6|||1.7|||2.7|||47||||||||35|47.5|60||||5|9|16||||1.3|1.45|1.6|||||1.8|||0.01|0.2|0.42|0.02|0.04|0.06|||||37.7|||36.6|||39||6|7.5|8.9|38|50|61|14|21|27|2|22|31|".24"|".24"|0|0|0|0|0|0|45|50|55|8|8|32|20|32.2|51|15|24.1|38.3|1|2.4|4.4|6.1|7.3|8.4|||||||||||||||||||||||||||||||||"6787274"|"18863071"
"H1"||"H"||1||0|||15||||||0|0|0|0|0||||||||||||||||||||||||||||||||||||||||||||||20|40|60||||0.15|0.28|0.4||||||||4|23|42|0.02|0.04|0.06|||||||||||||0|0|0|7|7|7|0|0|0|0|0|0|".28"|".28"|0|0|0|0|0|0|40|50|55|8|8|32|45|90|135|33.4|67.5|101.3|1|2.4|4.4|6.1|7.3|8.4|||||||||||||||||||||||||||||||||"6787274"|"18863224"
"H2"||"H"||2||36|||178|||||0|0|0|0|0|0|100|100|100|100|100|100|60|78|95|30|48|75||67.5|||0.3|||4.7|||15|||29.3|||18.2|||21||||||||8|11.5|15||||0|0|0||||1.3|1.4|1.5|||||1.46|||4|9|14|0.08|0.12|0.15|||||17|||7.2|||45||0|1.5|2.9|14|17|20|1|3|4|0|0|0|".10"|".10"|0|0|0|0|0|0|0|0|0|4|4|8|2|3|3.8|1.5|2.2|2.8|1|2.4|4.4|6.1|7.3|8.4|||||||||||||||||||||||||||||||||"6787284"|"18863043"
"H1"||"H"||1||0|||36|||||0|0|0|0|0|0|100|100|100|100|100|100|60|90|100|30|58|90||62.7|||0|||0.1|||2.2|||24.2|||36.2|||23.3||||||||8|14|20||||4|6|8||||1.2|1.3|1.4|||||1.36|||4|9|14|0.08|0.12|0.15|||||24|||15.7|||46||0|1.5|2.9|14|20|25|1|4|7|0|0|4|".24"|".24"|0|0|0|0|0|0|0|0|0|4|4|8|11|17|23|8.3|12.8|17.3|1|2.4|4.4|6.1|7.3|8.4|||||||||||||||||||||||||||||||||"6787284"|"18863196"
"H2"||"H"||2||86|||152|||||0|0|0|0|0|0|100|100|100|100|100|100|50|78|90|5|48|55||52|||4.3|||4.8|||11.1|||18.6|||13.2|||35.5||||||||0|12.5|30||||0|0|0||||1.45|1.55|1.65|||||1.62|||42|92|141|0.06|0.09|0.12|||||18.4|||8.7|||39||0|1.5|2.9|7|18|34|0|3|12|0|0|4|".17"|".17"|0|0|0|0|0|0|0|0|0|0|0|0|0|3.2|7.5|0|2.4|5.6|1|2.4|4.4|4.5|5|5.5|||||||||||||||||||||||||||||||||"6787287"|"18863050"
"H1"||"H"||1||0|||86|||||0|0|0|0|0|0|100|100|100|100|100|100|70|95|100|40|80|95||30.9|||2.6|||3.6|||5.1|||9.7|||9.9|||56.6||||||||7|12.5|35||||3|5|8||||1.3|1.4|1.55|||||1.46|||14|28|42|0.2|0.23|0.26|||||28.8|||13.6|||43||0|1.5|2.9|13|18|38|0|3|14|0|0|14|".17"|".17"|0|0|0|0|0|0|0|0|0|0|0|0|8.5|10.1|26.8|6.4|7.5|20.1|1|2.4|4.4|4.5|5|5.5|||||||||||||||||||||||||||||||||"6787287"|"18863203"
"H3"||"H"||3||127|||173|||||0|0|0|0|0|0|98|100|100|95|100|100|66|78|95|38|48|75||68.8|||0.1|||3.2|||15.6|||33|||16.9|||16.2||||||||12|15|35||||0|0|0||||1.3|1.45|1.6|||||1.52|||1.4|8|14|0.12|0.15|0.18|||||19.4|||9.8|||43||0|1.5|2.9|18|20|38|3|4|14|0|0|10|".20"|".20"|0|0|0|0|0|0|0|0|0|0|0|0|3|3.8|8.8|2.2|2.8|6.6|1|2.4|4.4|3.6|4.8|6|||||||||||||||||||||||||||||||||"6787290"|"18863057"
"H2"||"H"||2||20|||127|||||0|0|0|0|0|0|98|100|100|95|100|100|66|85|100|38|45|80||55.8|||1.3|||8.2|||14.8|||20.2|||11.3|||17.7||||||||18|26.5|35||||0|0|0||||1.3|1.4|1.5|||||1.46|||4|9|14|0.12|0.15|0.18|||||24|||15.6|||45||0|1.5|2.9|23|31|38|6|10|14|0|1|11|".20"|".20"|0|0|0|0|0|0|0|0|0|0|0|0|4.5|6.8|8.8|3.4|5.1|6.6|1|2.4|4.4|3.6|4.6|5.5|||||||||||||||||||||||||||||||||"6787290"|"18863109"
"H1"||"H"||1||0|||20|||||0|0|0|0|0|0|98|100|100|95|100|100|66|78|95|38|48|75||70.9|||0.1|||3.3|||16.1|||34|||17.4|||16.6||||||||8|12.5|20||||1|2|3||||1.3|1.45|1.6|||||1.52|||14|28|42|0.1|0.13|0.15|||||20.4|||10.9|||42||0|1.5|2.9|14|18|25|1|3|7|0|0|3|".20"|".20"|0|0|0|0|0|0|0|0|0|0|0|0|4.2|7.8|11.8|3.2|5.8|8.8|1|2.4|4.4|3.6|4.6|5.5|||||||||||||||||||||||||||||||||"6787290"|"18863210"
"H2"||"H"||2||33|||147|||||0|0|0|0|0|3|95|100|100|92.5|100|100|55|90|100|27|68|80||45|||4|||5.7|||7.8|||14.1|||13.4|||28.5||||||||18|26.5|35||||0|0|0||||1.35|1.5|1.6|||||1.71|||0.42|8|14|0.1|0.14|0.18|||||30.4|||15.9|||41||3|4.5|5.9|23|31|38|6|10|14|0|5|11|".28"|".28"|0|0|0|0|0|0|0|0|0|0|0|0|4.5|6.6|8.8|3.4|5|6.6|1|2.4|4.4|4.5|5|5.5|||||||||||||||||||||||||||||||||"6787278"|"18863028"
"H3"||"H"||3||147|||191|||||0|0|0|0|0|8|95|100|100|92.5|100|100|55|85|100|27|45|80||55.8|||1.3|||8.2|||14.8|||20.2|||11.3|||17.7||||||||18|26.5|35||||0|0|0||||1.3|1.4|1.5|||||1.46|||4|9|14|0.12|0.16|0.2|||||24|||15.6|||45||0|1.5|2.9|23|31|38|6|10|14|0|1|11|".24"|".24"|0|0|0|0|0|0|0|0|0|0|0|0|4.5|6.8|8.8|3.4|5.1|6.6|1|2.4|4.4|3.6|4.8|6|||||||||||||||||||||||||||||||||"6787278"|"18863080"
"H1"||"H"||1||0|||33|||||0|0|0|0|0|5|95|100|100|92.5|100|100|55|78|95|27|48|75||70.9|||0.1|||3.3|||16.1|||34|||17.4|||16.6||||||||7|12.5|18||||0.5|1.25|2||||1.3|1.35|1.4|||||1.41|||14|28|42|0.1|0.14|0.17|||||18.9|||9.2|||46||0|1.5|2.9|13|18|23|0|3|6|0|0|2|".28"|".28"|0|0|0|0|0|0|0|0|0|0|0|0|2.9|5.9|9|2.2|4.5|6.8|1|2.4|4.4|4.5|5|5.5|||||||||||||||||||||||||||||||||"6787278"|"18863181"
"H1"||"H"||1||0|||36|||||0|0|0|0|0|3|90|100|100|85|100|100|51|78|85|26|48|55||68.5|||0.3|||4.7|||15.2|||29.8|||18.5|||21.5||||||||5|10|15||||0.5|1.25|2||||1.3|1.35|1.4|||||1.41|||14|28|42|0.08|0.11|0.14|||||17.4|||7.7|||46||0|1.5|2.9|12|16|20|0|2|4|0|0|0|".28"|".28"|0|0|0|0|0|0|0|0|0|0|0|0|2.4|5.3|8.2|1.8|4|6.2|1|2.4|4.4|4.5|5.3|6|||||||||||||||||||||||||||||||||"6787283"|"18863040"
"H2"||"H"||2||36|||140|||||0|0|0|0|0|3|90|100|100|85|100|100|51|85|90|26|45|55||57|||1.3|||8.4|||15.1|||20.7|||11.5|||18||||||||12|25|35||||0|0|0||||1.3|1.38|1.45|||||1.44|||14|28|42|0.12|0.15|0.18|||||23.2|||14.5|||46||0|1.5|2.9|18|30|38|3|10|14|0|1|5|".24"|".24"|0|0|0|0|0|0|0|0|0|0|0|0|3|6.2|8.8|2.2|4.7|6.6|1|2.4|4.4|4.5|5.3|6|||||||||||||||||||||||||||||||||"6787283"|"18863092"
"H3"||"H"||3||140|||173|||||0|0|0|0|0|8|85|100|100|80|100|100|40|78|95|12|48|60||71.3|||0.1|||3.3|||16.2|||34.2|||17.5|||16.7||||||||2|12|20||||0|0|0||||1.35|1.5|1.65|||||1.57|||4|9|14|0.12|0.15|0.18|||||17.8|||8.1|||41||0|1.5|2.9|9|18|25|0|3|7|0|0|1|".24"|".24"|0|0|0|0|0|0|0|0|0|0|0|0|0.3|3|5|0.2|2.2|3.8|1|2.4|4.4|4.5|5.3|6|||||||||||||||||||||||||||||||||"6787283"|"18863143"
"H1"||"H"||1||0|||20|||||0|0|0|0|0|0|98|100|100|95|100|100|66|78|95|38|48|75||70.9|||0.1|||3.3|||16.1|||34|||17.4|||16.6||||||||8|12.5|20||||1|2|3||||1.3|1.45|1.6|||||1.52|||14|28|42|0.1|0.13|0.15|||||20.4|||10.9|||42||0|1.5|2.9|14|18|25|1|3|7|0|0|3|".20"|".20"|0|0|0|0|0|0|0|0|0|0|0|0|4.2|7.8|11.8|3.2|5.8|8.8|1|2.4|4.4|3.6|4.6|5.5|||||||||||||||||||||||||||||||||"6787279"|"18863082"
"H2"||"H"||2||20|||127|||||0|0|0|0|0|0|98|100|100|95|100|100|66|85|100|38|45|80||55.8|||1.3|||8.2|||14.8|||20.2|||11.3|||17.7||||||||18|26.5|35||||0|0|0||||1.3|1.4|1.5|||||1.46|||4|9|14|0.12|0.15|0.18|||||24|||15.6|||45||0|1.5|2.9|23|31|38|6|10|14|0|1|11|".20"|".20"|0|0|0|0|0|0|0|0|0|0|0|0|4.5|6.8|8.8|3.4|5.1|6.6|1|2.4|4.4|3.6|4.6|5.5|||||||||||||||||||||||||||||||||"6787279"|"18863133"
"H3"||"H"||3||127|||173|||||0|0|0|0|0|0|98|100|100|95|100|100|66|78|95|38|48|75||68.8|||0.1|||3.2|||15.6|||33|||16.9|||16.2||||||||12|15|35||||0|0|0||||1.3|1.45|1.6|||||1.52|||1.4|8|14|0.12|0.15|0.18|||||19.4|||9.8|||43||0|1.5|2.9|18|20|38|3|4|14|0|0|10|".20"|".20"|0|0|0|0|0|0|0|0|0|0|0|0|3|3.8|8.8|2.2|2.8|6.6|1|2.4|4.4|3.6|4.8|6|||||||||||||||||||||||||||||||||"6787279"|"18863184"
"H3"||"H"||3||91|||152|||||0|0|0|0|0|0|85|100|100|80|100|100|50|78|85|5|37|45||78.6|||0|||1.9|||12.8|||39|||24.9|||16.4||||||||1|5|8||||0|0|0||||1.35|1.45|1.55|||||1.52|||14|78|141|0.04|0.06|0.08||17.7|||11.8|||3.3|||43||0|1.5|2.9|8|12|14|0|0|1|0|0|0|".17"|".17"|0|0|0|0|0|0|0|0|0|0|0|0|0.1|1.2|2|0.1|0.9|1.5|1|2.4|4.4|3.6|4.6|5.5|||||||||||||||||||||||||||||||||"6787295"|"18863069"
"H1"||"H"||1||0|||43|||||0|0|0|0|0|0|100|100|100|95|100|100|70|78|85|28|48|55||69.3|||0.3|||4.8|||15.4|||30.1|||18.7|||21.7||||||||4|9|14||||1|2|3||||1.2|1.28|1.35|||||1.34|||14|28|42|0.08|0.12|0.16|||||17.4|||7.6|||48||0|1.5|2.9|11|15|20|0|2|4|0|0|0|".20"|".20"|0|0|0|0|0|0|0|0|0|0|0|0|3.2|6.8|10.2|2.4|5.1|7.7|1|2.4|4.4|3.6|4.6|5.5|||||||||||||||||||||||||||||||||"6787295"|"18863171"
"H2"||"H"||2||43|||91|||||0|0|0|0|0|0|100|100|100|95|100|100|57|78|85|28|48|55||70.5|||0.1|||3.3|||16|||33.8|||17.3|||16.5||||||||8|13|18||||0|0|0||||1.2|1.28|1.35|||||1.34|||4|9|14|0.08|0.13|0.18|||||17.2|||7.5|||49||0|1.5|2.9|14|19|23|1|4|6|0|0|0|".17"|".17"|0|0|0|0|0|0|0|0|0|0|0|0|2|3.2|4.5|1.5|2.4|3.4|1|2.4|4.4|3.6|4.6|5.5|||||||||||||||||||||||||||||||||"6787295"|"18863222"
"H1"||"H"||1||0|||86|||||0|0|0|0|0|0|100|100|100|100|100|100|70|95|100|40|80|95||30.9|||2.6|||3.6|||5.1|||9.7|||9.9|||56.6||||||||7|12.5|35||||3|5|8||||1.3|1.4|1.55|||||1.46|||14|28|42|0.2|0.23|0.26|||||28.8|||13.6|||43||0|1.5|2.9|13|18|38|0|3|14|0|0|14|".17"|".17"|0|0|0|0|0|0|0|0|0|0|0|0|8.5|10.1|26.8|6.4|7.5|20.1|1|2.4|4.4|4.5|5|5.5|||||||||||||||||||||||||||||||||"6787269"|"18863161"
"H2"||"H"||2||86|||152|||||0|0|0|0|0|0|100|100|100|100|100|100|50|78|90|5|48|55||52|||4.3|||4.8|||11.1|||18.6|||13.2|||35.5||||||||0|12.5|30||||0|0|0||||1.45|1.55|1.65|||||1.62|||42|92|141|0.06|0.09|0.12|||||18.4|||8.7|||39||0|1.5|2.9|7|18|34|0|3|12|0|0|4|".17"|".17"|0|0|0|0|0|0|0|0|0|0|0|0|0|3.2|7.5|0|2.4|5.6|1|2.4|4.4|4.5|5|5.5|||||||||||||||||||||||||||||||||"6787269"|"18863212"
"H1"||"H"||1||0|||20|||||0|0|0|0|0|0|95|100|100|90|100|100|81|95|100|57|80|90||29.1|||2.4|||3.4|||4.8|||9.1|||9.4|||53.4||||||||10|17.5|25||||0.5|1.25|2||||1.2|1.25|1.3|||||1.31|||4|9|14|0.1|0.14|0.17|||||26|||10.2|||50||0|1.5|2.9|16|23|30|2|6|10|0|2|8|".37"|".37"|0|0|0|0|0|0|0|0|0|0|0|0|3.6|7.3|10.8|2.7|5.5|8.1|1|2.4|4.4|3.6|4.6|5.5|||||||||||||||||||||||||||||||||"6787260"|"18863037"
"H2"||"H"||2||20|||203|||||0|0|0|0|0|0|95|100|100|90|100|100|81|95|100|63|90|95||23.3|||3.2|||3.7|||4.3|||6.5|||5.6|||29.2||||||||30|47.5|60||||0|0|0||||1.3|1.4|1.5|||||1.74|||0.01|0.2|0.42|0.1|0.15|0.19|||||38.5|||25.6|||45||6|7.5|8.9|34|50|61|12|21|27|5|22|31|".24"|".24"|0|0|0|0|0|0|0|0|0|0|0|0|7.5|12|15|5.6|9|11.2|1|2.4|4.4|3.6|4.6|5.5|||||||||||||||||||||||||||||||||"6787260"|"18863089"
"H1"||"H"||1||0|||43|||||0|0|0|0|0|0|95|100|100|92.5|100|100|58|65|85|28|35|55||44.8|||3|||0.7|||9.2|||18.5|||13.4|||41.2||||||||10|14|18||||0.5|1.25|2||||1.2|1.28|1.35|||||1.34|||4|9|14|0.12|0.15|0.17|||||18.7|||9|||49||0|1.5|2.9|16|20|23|3|5|7|0|0|1|".28"|".28"|0|0|0|0|0|0|0|0|0|0|0|0|3.6|6.3|9|2.7|4.7|6.8|0.1|0.7|1.6|4.5|5.5|6.5|||||||||||||||||||||||||||||||||"6787262"|"18863094"
"H2"||"H"||2||43|||183|||||0|0|0|0|0|0|95|100|100|92.5|100|100|55|85|90|27|45|55||65|||4.4|||6.2|||15.6|||24|||14.8|||13||||||||10|22|34||||0|0|0||||1.35|1.43|1.5|||||1.5|||4|9|14|0.14|0.17|0.19|||||22.3|||13.2|||44||0|1.5|2.9|16|27|38|3|9|15|0|1|5|".28"|".28"|0|0|0|0|0|0|0|0|0|0|0|0|2.5|5.5|8.5|1.9|4.1|6.4|0.1|0.7|1.6|4.5|5.5|7.3|||||||||||||||||||||||||||||||||"6787262"|"18863145"
"H2"||"H"||2||36|||109|||||0|0|0|0|0|3|95|100|100|92.5|100|100|55|85|100|27|45|95||65|||4.4|||6.2|||15.6|||24|||14.8|||13||||||||10|22|34||||0|0|0||||1.35|1.43|1.5|||||1.5|||4|9|14|0.14|0.17|0.19|||||22.3|||13.2|||44||0|1.5|2.9|16|27|38|3|9|15|0|1|15|".28"|".28"|0|0|0|0|0|0|0|0|0|0|0|0|2.5|5.5|8.5|1.9|4.1|6.4|1.9|4|7.3|4.5|5.5|7.3|||||||||||||||||||||||||||||||||"6787289"|"18863055"
"H3"||"H"||3||109|||191|||||0|0|0|0|0|8|95|97.5|100|92.5|95|100|40|65|85|4|35|55||80|||0.6|||10.1|||27.3|||32.4|||9.6|||8||||||||2|12|20||||0|0|0||||1.35|1.43|1.5|||||1.5|||14|78|141|0.02|0.06|0.1||21.9|||17|||7.5|||43||0|1.5|2.9|8|18|25|0|4|8|0|0|1|".17"|".17"|0|0|0|0|0|0|0|0|0|0|0|0|0.3|3|5|0.3|2.2|3.8|1.9|4|7.3|4.5|5.5|7.3|||||||||||||||||||||||||||||||||"6787289"|"18863107"
"H1"||"H"||1||0|||36|||||0|0|0|0|0|0|95|100|100|92.5|100|100|55|65|100|27|35|90||44.8|||3|||0.7|||9.2|||18.5|||13.4|||41.2||||||||10|14|18||||0.5|1.25|2||||1.2|1.28|1.35|||||1.34|||4|9|14|0.12|0.15|0.17|||||18.7|||9|||49||0|1.5|2.9|16|20|23|3|5|7|0|0|4|".28"|".28"|0|0|0|0|0|0|0|0|0|0|0|0|3.6|6.3|9|2.7|4.7|6.8|1.9|4|7.3|4.5|5.5|6.5|||||||||||||||||||||||||||||||||"6787289"|"18863208"
"H1"||"H"||1||0|||5|||||0|0|0|0|0|0|99|100|100|97.5|100|100|88|95|100|68|80|90||29.1|||2.4|||3.4|||4.8|||9.1|||9.4|||53.4||||||||10|17.5|25||||0.5|1.25|2||||1.2|1.25|1.3|||||1.31|||4|9|14|0.1|0.14|0.17|||||26|||10.2|||50||0|1.5|2.9|16|23|30|2|6|10|0|2|8|".37"|".37"|0|0|0|0|0|0|0|0|0|0|0|0|3.6|7.3|10.8|2.7|5.5|8.1|1|2.4|4.4|3.6|4.6|5.5|||||||||||||||||||||||||||||||||"6787271"|"18863063"
"H2"||"H"||2||5|||251|||||0|0|0|0|0|0|99|100|100|97.5|100|100|88|97.5|100|68|92.5|95||5.5|||0.2|||0.3|||0.6|||1.7|||2.7|||47||||||||35|47.5|60||||0|0|0||||1.3|1.4|1.5|||||1.74|||0.01|0.2|0.42|0.1|0.14|0.17|||||32.6|||25.6|||45||6|7.5|8.9|38|50|61|14|21|27|8|22|31|".24"|".24"|0|0|0|0|0|0|0|0|0|0|0|0|8.8|12|15|6.6|9|11.2|1|2.4|4.4|3.6|4.6|5.5|||||||||||||||||||||||||||||||||"6787271"|"18863115"
"H1"||"H"||1||0|||43|||||0|0|0|0|0|0|100|100|100|95|100|100|70|78|85|28|48|55||69.3|||0.3|||4.8|||15.4|||30.1|||18.7|||21.7||||||||4|9|14||||1|2|3||||1.2|1.28|1.35|||||1.34|||14|28|42|0.08|0.12|0.16|||||17.4|||7.6|||48||0|1.5|2.9|11|15|20|0|2|4|0|0|0|".20"|".20"|0|0|0|0|0|0|0|0|0|0|0|0|3.2|6.8|10.2|2.4|5.1|7.7|1|2.4|4.4|3.6|4.6|5.5|||||||||||||||||||||||||||||||||"6787268"|"18863056"
"H2"||"H"||2||43|||91|||||0|0|0|0|0|0|100|100|100|95|100|100|57|78|85|28|48|55||70.5|||0.1|||3.3|||16|||33.8|||17.3|||16.5||||||||8|13|18||||0|0|0||||1.2|1.28|1.35|||||1.34|||4|9|14|0.08|0.13|0.18|||||17.2|||7.5|||49||0|1.5|2.9|14|19|23|1|4|6|0|0|0|".17"|".17"|0|0|0|0|0|0|0|0|0|0|0|0|2|3.2|4.5|1.5|2.4|3.4|1|2.4|4.4|3.6|4.6|5.5|||||||||||||||||||||||||||||||||"6787268"|"18863108"
"H3"||"H"||3||91|||152|||||0|0|0|0|0|0|85|100|100|80|100|100|50|78|85|5|37|45||78.6|||0|||1.9|||12.8|||39|||24.9|||16.4||||||||1|5|8||||0|0|0||||1.35|1.45|1.55|||||1.52|||14|78|141|0.04|0.06|0.08||17.7|||11.8|||3.3|||43||0|1.5|2.9|8|12|14|0|0|1|0|0|0|".17"|".17"|0|0|0|0|0|0|0|0|0|0|0|0|0.1|1.2|2|0.1|0.9|1.5|1|2.4|4.4|3.6|4.6|5.5|||||||||||||||||||||||||||||||||"6787268"|"18863159"
"H2"||"H"||2||18|||165|||||0|0|0|0|0|0|100|100|100|98|100|100|83|95|100|44|75|95||31.1|||2.7|||3.2|||6|||10.6|||8.6|||30.9||||||||30|38|50||||0|0.5|1||||1.3|1.4|1.5|||||1.6|||0.01|2|4|0.14|0.16|0.18|||||34.6|||22.9|||45||3|4.5|5.9|34|41|52|12|16|22|2|11|25|".32"|".32"|0|0|0|0|0|0|0|0|0|0|0|0|7.5|10.6|14.8|5.6|8|11.1|1|2.4|4.4|3.6|4.8|6|||||||||||||||||||||||||||||||||"6787275"|"18863073"
"H1"||"H"||1||0|||18|||||0|0|0|0|0|0|97.5|100|100|95|100|100|70|95|100|40|80|90||30.1|||2.5|||3.5|||5|||9.4|||9.7|||54.9||||||||10|15|20||||1|3|6||||1.2|1.3|1.4|||||1.36|||4|9|14|0.11|0.14|0.16|||||27.1|||11.5|||47||0|1.5|2.9|16|20|25|2|4|7|0|0|4|".28"|".28"|0|0|0|0|0|0|0|0|0|0|0|0|4.8|10.5|18.5|3.6|7.9|13.9|1|2.4|4.4|3.6|4.8|6|||||||||||||||||||||||||||||||||"6787275"|"18863226"
"H3"||"H"||3||64|||152|||||0|0|0|0|0|3|95|100|100|90|100|100|45|95|100|14|75|95||33.5|||3|||4.2|||5.8|||10.5|||10|||36.5||||||||3|30|50||||0|0|0||||1.35|1.48|1.6|||||1.69|||0.01|2|4|0.12|0.15|0.18|||||32.1|||18.6|||42||3|4.5|5.9|10|34|52|0|12|22|0|8|25|".24"|".24"|0|0|0|0|0|0|0|0|0|0|0|0|0.6|7.5|12.5|0.5|5.6|9.4|1|2.4|4.4|3.6|4.6|5.5|||||||||||||||||||||||||||||||||"6787282"|"18863038"
"H1"||"H"||1||0|||23|||||0|0|0|0|0|5|95|100|100|90|100|100|54|78|95|27|48|75||70.5|||0.1|||3.3|||16|||33.8|||17.3|||16.5||||||||8|13|18||||0.5|1.25|2||||1.3|1.38|1.45|||||1.44|||14|28|42|0.1|0.12|0.14|||||19.3|||9.7|||45||0|1.5|2.9|14|19|23|1|4|6|0|0|2|".28"|".28"|0|0|0|0|0|0|0|0|0|0|0|0|3.1|6.1|9|2.3|4.6|6.8|1|2.4|4.4|3.6|4.6|5.5|||||||||||||||||||||||||||||||||"6787282"|"18863140"
"H2"||"H"||2||23|||64|||||0|0|0|0|0|3|95|100|100|90|100|100|72|95|100|32|75|80||33.5|||3|||4.2|||5.8|||10.5|||10|||36.5||||||||12|30|40||||0|0|0||||1.3|1.38|1.45|||||1.44|||4|9|14|0.1|0.14|0.18|||||31.3|||17.4|||46||0|1.5|2.9|18|34|43|3|12|17|0|8|14|".24"|".24"|0|0|0|0|0|0|0|0|0|0|0|0|3|7.5|10|2.2|5.6|7.5|1|2.4|4.4|3.6|4.6|5.5|||||||||||||||||||||||||||||||||"6787282"|"18863191"
"H2"||"H"||2||15|||203|||||0|0|0|0|0|0|100|100|100|98|100|100|83|97.5|100|44|90|95||5.5|||0.2|||0.3|||0.6|||1.7|||2.7|||47||||||||35|47.5|60||||5|9|16||||1.3|1.45|1.6|||||1.8|||0.01|0.2|0.42|0.02|0.04|0.06|||||37.7|||36.6|||39||6|7.5|8.9|38|50|61|14|21|27|2|22|31|".24"|".24"|0|0|0|0|0|0|45|50|55|8|8|32|20|32.2|51|15|24.1|38.3|1|2.4|4.4|6.1|7.3|8.4|||||||||||||||||||||||||||||||||"6787263"|"18863045"
"H1"||"H"||1||0|||15||||||0|0|0|0|0||||||||||||||||||||||||||||||||||||||||||||||20|40|60||||0.15|0.28|0.4||||||||4|23|42|0.02|0.04|0.06|||||||||||||0|0|0|7|7|7|0|0|0|0|0|0|".28"|".28"|0|0|0|0|0|0|40|50|55|8|8|32|45|90|135|33.4|67.5|101.3|1|2.4|4.4|6.1|7.3|8.4|||||||||||||||||||||||||||||||||"6787263"|"18863198"
"H1"||"H"||1||0|||36|||||0|0|0|0|0|0|100|100|100|100|100|100|60|90|100|30|58|90||62.7|||0|||0.1|||2.2|||24.2|||36.2|||23.3||||||||8|14|20||||4|6|8||||1.2|1.3|1.4|||||1.36|||4|9|14|0.08|0.12|0.15|||||24|||15.7|||46||0|1.5|2.9|14|20|25|1|4|7|0|0|4|".24"|".24"|0|0|0|0|0|0|0|0|0|4|4|8|11|17|23|8.3|12.8|17.3|1|2.4|4.4|6.1|7.3|8.4|||||||||||||||||||||||||||||||||"6787270"|"18863163"
"H2"||"H"||2||36|||178|||||0|0|0|0|0|0|100|100|100|100|100|100|60|78|95|30|48|75||67.5|||0.3|||4.7|||15|||29.3|||18.2|||21||||||||8|11.5|15||||0|0|0||||1.3|1.4|1.5|||||1.46|||4|9|14|0.08|0.12|0.15|||||17|||7.2|||45||0|1.5|2.9|14|17|20|1|3|4|0|0|0|".10"|".10"|0|0|0|0|0|0|0|0|0|4|4|8|2|3|3.8|1.5|2.2|2.8|1|2.4|4.4|6.1|7.3|8.4|||||||||||||||||||||||||||||||||"6787270"|"18863214"
"H1"||"H"||1||0|||86|||||0|0|0|0|0|0|100|100|100|100|100|100|70|95|100|40|80|95||30.9|||2.6|||3.6|||5.1|||9.7|||9.9|||56.6||||||||7|12.5|35||||3|5|8||||1.3|1.4|1.55|||||1.46|||14|28|42|0.2|0.23|0.26|||||28.8|||13.6|||43||0|1.5|2.9|13|18|38|0|3|14|0|0|14|".17"|".17"|0|0|0|0|0|0|0|0|0|0|0|0|8.5|10.1|26.8|6.4|7.5|20.1|1|2.4|4.4|4.5|5|5.5|||||||||||||||||||||||||||||||||"6787285"|"18863097"
"H2"||"H"||2||86|||152|||||0|0|0|0|0|0|100|100|100|100|100|100|50|78|90|5|48|55||52|||4.3|||4.8|||11.1|||18.6|||13.2|||35.5||||||||0|12.5|30||||0|0|0||||1.45|1.55|1.65|||||1.62|||42|92|141|0.06|0.09|0.12|||||18.4|||8.7|||39||0|1.5|2.9|7|18|34|0|3|12|0|0|4|".17"|".17"|0|0|0|0|0|0|0|0|0|0|0|0|0|3.2|7.5|0|2.4|5.6|1|2.4|4.4|4.5|5|5.5|||||||||||||||||||||||||||||||||"6787285"|"18863148"
"H3"||"H"||3||132|||246|||||0|0|0|0|0|0|80|97.5|100|80|97.5|100|40|65|90|5|27.5|50||72.5|||0.1|||3.4|||16.5|||34.8|||17.7|||15.5||||||||0|12|18||||0|0|0||||1.35|1.43|1.5|||||1.5|||14|78|141|0.02|0.06|0.1|||||17.2|||7.6|||43||0|1.5|2.9|7|18|23|0|3|6|0|0|0|".17"|".17"|0|0|0|0|0|0|0|0|0|0|0|0|0|3|4.5|0|2.2|3.4|1|2.4|4.4|3.6|5.1|6.5|||||||||||||||||||||||||||||||||"6787293"|"18863064"
"H1"||"H"||1||0|||28|||||0|0|0|0|0|0|95|97.5|100|95|97.5|100|66|76|95|38|46|75||68.8|||0.1|||3.2|||15.6|||33|||16.9|||16.2||||||||8|15|18||||0.5|1.25|2||||1.25|1.33|1.4|||||1.39|||4|23|42|0.08|0.12|0.15|||||19.8|||10.4|||46||0|1.5|2.9|14|20|23|1|4|6|0|0|2|".28"|".28"|0|0|0|0|0|0|0|0|0|0|0|0|4.9|6.6|9|3.7|4.9|6.8|1|2.4|4.4|3.6|4.6|5.5|||||||||||||||||||||||||||||||||"6787293"|"18863166"
"H2"||"H"||2||28|||132|||||0|0|0|0|0|0|95|97.5|100|95|97.5|100|57|88|100|28|47|90||34.4|||3.1|||4.3|||5.9|||10.8|||10.3|||37.6||||||||18|28|34||||0|0|0||||1.35|1.43|1.5|||||1.5|||4|9|14|0.14|0.17|0.19|||||30.5|||16.6|||43||0|1.5|2.9|23|32|38|6|11|14|0|2|13|".28"|".28"|0|0|0|0|0|0|0|0|0|0|0|0|4.5|7|8.5|3.4|5.2|6.4|1|2.4|4.4|3.6|4.6|5.5|||||||||||||||||||||||||||||||||"6787293"|"18863217"
"H2"||"H"||2||36|||102|||||0|0|0|0|0|0|97.5|100|100|97.5|100|100|58|85|90|29|45|55||57|||1.3|||8.4|||15.1|||20.7|||11.5|||18||||||||10|25|35||||0|0|0||||1.4|1.45|1.5|||||1.52|||4|9|14|0.1|0.13|0.15|||||23.7|||15.2|||43||0|1.5|2.9|16|30|38|2|10|14|0|1|5|".24"|".24"|0|0|0|0|0|0|0|0|0|0|0|0|2.5|6.2|8.8|1.9|4.7|6.6|1|2.4|4.4|3.6|4.8|6|||||||||||||||||||||||||||||||||"6787255"|"18863025"
"H3"||"H"||3||102|||162|||||0|0|0|0|0|0|97.5|100|100|97.5|100|100|30|55|80|3|26.5|50||71.3|||0.1|||3.3|||16.2|||34.2|||17.5|||16.7||||||||1|12|20||||0|0|0||||1.4|1.45|1.5|||||1.52|||14|78|141|0.04|0.07|0.1|||||17.6|||7.8|||43||0|1.5|2.9|8|18|25|0|3|7|0|0|0|".15"|".15"|0|0|0|0|0|0|0|0|0|0|0|0|0.1|3|5|0.1|2.2|3.8|1|2.4|4.4|3.6|4.8|6|||||||||||||||||||||||||||||||||"6787255"|"18863077"
"H1"||"H"||1||0|||36|||||0|0|0|0|0|0|97.5|100|100|97.5|100|100|58|78|85|29|48|55||68.8|||0.1|||3.2|||15.6|||33|||16.9|||16.2||||||||10|15|18||||0.5|1.25|2||||1.35|1.4|1.45|||||1.46|||14|28|42|0.1|0.13|0.16|||||20.6|||11.1|||44||0|1.5|2.9|14|18|23|1|3|6|0|0|0|".20"|".20"|0|0|0|0|0|0|0|0|0|0|0|0|3.1|5.8|9|2.3|4.4|6.8|1|2.4|4.4|3.6|4.8|6|||||||||||||||||||||||||||||||||"6787255"|"18863178"
"H1"||"H"||1||0|||25|||||0|0|0|0|0|0|99|100|100|97.5|100|100|68|95|100|39|80|90||20|||1.7|||2.4|||3.3|||6.3|||6.3|||64||||||||10|16|22||||0.5|1.25|2||||1.2|1.28|1.35|||||1.34|||4|9|14|0.14|0.17|0.19|||||25.5|||9.7|||49||0|1.5|2.9|16|21|27|3|6|9|0|2|6|".37"|".37"|0|0|0|0|0|0|0|0|0|0|0|0|3.6|6.8|10|2.7|5.1|7.5|1|2.4|4.4|3.6|5.1|5.5|||||||||||||||||||||||||||||||||"6787251"|"18863119"
"H2"||"H"||2||25|||130|||||0|0|0|0|0|3|99|100|100|97.5|100|100|68|95|100|39|75|95||35.5|||3.2|||4.5|||6.1|||11.1|||10.6|||34.5||||||||18|30|35||||0|0|0||||1.25|1.35|1.45|||||1.41|||4|9|14|0.14|0.17|0.19|||||31.1|||17|||47||0|1.5|2.9|23|30|39|7|11|16|0|6|16|".32"|".32"|0|0|0|0|0|0|0|0|0|0|0|0|4.5|6.5|8.8|3.4|4.9|6.6|1|2.4|4.4|3.6|5.1|5.5|||||||||||||||||||||||||||||||||"6787251"|"18863170"
"H3"||"H"||3||130|||165|||||0|0|0|0|0|3|99|100|100|97.5|100|100|40|78|100|4|48|80||77|||0.1|||3.6|||17.5|||36.9|||18.9|||8||||||||2|15|30||||0|0|0||||1.25|1.35|1.45|||||1.41|||4|73|141|0.06|0.1|0.15|||||18.8|||9.1|||47||0|1.5|2.9|8|21|34|0|6|13|0|0|9|".32"|".32"|0|0|0|0|0|0|0|0|0|0|0|0|0.3|3.8|7.5|0.3|2.8|5.6|1|2.4|4.4|3.6|5.1|5.5|||||||||||||||||||||||||||||||||"6787251"|"18863221"
"H2"||"H"||2||18|||216|||||0|0|0|0|0|0|99|100|100|98|100|100|88|97.5|100|67|92.5|95||7.2|||0.2|||0.4|||0.8|||2.3|||3.5|||47.8||||||||27|45|60||||0|0|0||||1.25|1.3|1.35|||||1.48|||1.4|3|4|0.12|0.16|0.19|||||31.6|||23.7|||48||3|4.5|5.9|31|48|61|10|20|27|4|21|31|".37"|".37"|0|0|0|0|0|0|0|0|0|0|0|0|6.8|11.2|15|5.1|8.4|11.2|1|2.4|4.4|3.6|4.6|5.5|||||||||||||||||||||||||||||||||"6787264"|"18863047"
"H1"||"H"||1||0|||18|||||0|0|0|0|0|0|99|100|100|98|100|100|83|95|100|58|80|90||29.1|||2.4|||3.4|||4.8|||9.1|||9.4|||53.4||||||||10|17.5|25||||0.5|1.25|2||||1.2|1.25|1.3|||||1.31|||4|9|14|0.1|0.14|0.17|||||26|||10.2|||50||0|1.5|2.9|16|23|30|2|6|10|0|2|8|".37"|".37"|0|0|0|0|0|0|0|0|0|0|0|0|3.6|7.3|10.8|2.7|5.5|8.1|1|2.4|4.4|3.6|4.6|5.5|||||||||||||||||||||||||||||||||"6787264"|"18863200"
"H1"||"H"||1||0|||20|||||0|0|0|0|0|0|98|100|100|95|100|100|66|78|95|38|48|75||70.9|||0.1|||3.3|||16.1|||34|||17.4|||16.6||||||||8|12.5|20||||1|2|3||||1.3|1.45|1.6|||||1.52|||14|28|42|0.1|0.13|0.15|||||20.4|||10.9|||42||0|1.5|2.9|14|18|25|1|3|7|0|0|3|".20"|".20"|0|0|0|0|0|0|0|0|0|0|0|0|4.2|7.8|11.8|3.2|5.8|8.8|1|2.4|4.4|3.6|4.6|5.5|||||||||||||||||||||||||||||||||"6787217"|"18863090"
"H2"||"H"||2||20|||127|||||0|0|0|0|0|0|98|100|100|95|100|100|66|85|100|38|45|80||55.8|||1.3|||8.2|||14.8|||20.2|||11.3|||17.7||||||||18|26.5|35||||0|0|0||||1.3|1.4|1.5|||||1.46|||4|9|14|0.12|0.15|0.18|||||24|||15.6|||45||0|1.5|2.9|23|31|38|6|10|14|0|1|11|".20"|".20"|0|0|0|0|0|0|0|0|0|0|0|0|4.5|6.8|8.8|3.4|5.1|6.6|1|2.4|4.4|3.6|4.6|5.5|||||||||||||||||||||||||||||||||"6787217"|"18863141"
"H3"||"H"||3||127|||173|||||0|0|0|0|0|0|98|100|100|95|100|100|66|78|95|38|48|75||68.8|||0.1|||3.2|||15.6|||33|||16.9|||16.2||||||||12|15|35||||0|0|0||||1.3|1.45|1.6|||||1.52|||1.4|8|14|0.12|0.15|0.18|||||19.4|||9.8|||43||0|1.5|2.9|18|20|38|3|4|14|0|0|10|".20"|".20"|0|0|0|0|0|0|0|0|0|0|0|0|3|3.8|8.8|2.2|2.8|6.6|1|2.4|4.4|3.6|4.8|6|||||||||||||||||||||||||||||||||"6787217"|"18863192"
"H1"||"H"||1||0|||43|||||0|0|0|0|0|0|100|100|100|95|100|100|70|78|85|28|48|55||69.3|||0.3|||4.8|||15.4|||30.1|||18.7|||21.7||||||||4|9|14||||1|2|3||||1.2|1.28|1.35|||||1.34|||14|28|42|0.08|0.12|0.16|||||17.4|||7.6|||48||0|1.5|2.9|11|15|20|0|2|4|0|0|0|".20"|".20"|0|0|0|0|0|0|0|0|0|0|0|0|3.2|6.8|10.2|2.4|5.1|7.7|1|2.4|4.4|3.6|4.6|5.5|||||||||||||||||||||||||||||||||"6787230"|"18863121"
"H2"||"H"||2||43|||91|||||0|0|0|0|0|0|100|100|100|95|100|100|57|78|85|28|48|55||70.5|||0.1|||3.3|||16|||33.8|||17.3|||16.5||||||||8|13|18||||0|0|0||||1.2|1.28|1.35|||||1.34|||4|9|14|0.08|0.13|0.18|||||17.2|||7.5|||49||0|1.5|2.9|14|19|23|1|4|6|0|0|0|".17"|".17"|0|0|0|0|0|0|0|0|0|0|0|0|2|3.2|4.5|1.5|2.4|3.4|1|2.4|4.4|3.6|4.6|5.5|||||||||||||||||||||||||||||||||"6787230"|"18863172"
"H3"||"H"||3||91|||152|||||0|0|0|0|0|0|85|100|100|80|100|100|50|78|85|5|37|45||78.6|||0|||1.9|||12.8|||39|||24.9|||16.4||||||||1|5|8||||0|0|0||||1.35|1.45|1.55|||||1.52|||14|78|141|0.04|0.06|0.08||17.7|||11.8|||3.3|||43||0|1.5|2.9|8|12|14|0|0|1|0|0|0|".17"|".17"|0|0|0|0|0|0|0|0|0|0|0|0|0.1|1.2|2|0.1|0.9|1.5|1|2.4|4.4|3.6|4.6|5.5|||||||||||||||||||||||||||||||||"6787230"|"18863223"
"H2"||"H"||2||61|||142|||||0|0|0|0|0|0|80|100|100|77.5|100|100|46|85|100|23|45|95||57|||1.3|||8.4|||15.1|||20.7|||11.5|||18||||||||8|25|50||||0|0|0||||1.4|1.5|1.6|||||1.57|||4|9|14|0.1|0.13|0.15|||||24.1|||15.8|||41||0|1.5|2.9|14|30|52|1|10|22|0|1|25|".24"|".24"|0|0|0|0|0|0|0|0|0|0|0|0|2|6.2|12.5|1.5|4.7|9.4|1|2.4|4.4|4.5|5|5.5|||||||||||||||||||||||||||||||||"6787266"|"18863052"
"H3"||"H"||3||142|||165|||||0|0|0|0|0|0|80|100|100|77.5|100|100|46|65|95|23|35|60||65|||4|||14.2|||18|||19.3|||9.5|||17||||||||12|18|40||||0|0|0||||1.4|1.5|1.6|||||1.71|||1.4|8|14|0.1|0.13|0.16|||||20.8|||11.3|||41||3|4.5|5.9|18|23|43|3|6|17|0|0|3|".28"|".28"|0|0|0|0|0|0|0|0|0|0|0|0|3|4.5|10|2.2|3.4|7.5|1|2.4|4.4|4.5|5|5.5|||||||||||||||||||||||||||||||||"6787266"|"18863104"
"H1"||"H"||1||0|||61|||||0|0|0|0|0|0|80|100|100|77.5|100|100|40|55|70|15|22.5|30||77.4|||0|||1.9|||12.6|||38.4|||24.5|||16.1||||||||3|6.5|10||||0.25|1.5|3||||1.3|1.5|1.7|||||1.57|||42|92|141|0.05|0.08|0.1||21.5|||16.2|||6.6|||41||0|1.5|2.9|10|13|16|0|0|2|0|0|0|".10"|".10"|0|0|0|0|0|0|0|0|0|0|0|0|1.2|5.1|9.2|0.9|3.8|6.9|1|2.4|4.4|4.5|5|5.5|||||||||||||||||||||||||||||||||"6787266"|"18863205"
"H1"||"H"||1||0|||61|||||0|0|0|0|0|0|80|100|100|77.5|100|100|40|55|70|15|22.5|30||77.4|||0|||1.9|||12.6|||38.4|||24.5|||16.1||||||||3|6.5|10||||0.25|1.5|3||||1.3|1.5|1.7|||||1.57|||42|92|141|0.05|0.08|0.1||21.5|||16.2|||6.6|||41||0|1.5|2.9|10|13|16|0|0|2|0|0|0|".10"|".10"|0|0|0|0|0|0|0|0|0|0|0|0|1.2|5.1|9.2|0.9|3.8|6.9|1|2.4|4.4|4.5|5|5.5|||||||||||||||||||||||||||||||||"6787228"|"18863116"
"H2"||"H"||2||61|||142|||||0|0|0|0|0|0|80|100|100|77.5|100|100|46|85|100|23|45|95||57|||1.3|||8.4|||15.1|||20.7|||11.5|||18||||||||8|25|50||||0|0|0||||1.4|1.5|1.6|||||1.57|||4|9|14|0.1|0.13|0.15|||||24.1|||15.8|||41||0|1.5|2.9|14|30|52|1|10|22|0|1|25|".24"|".24"|0|0|0|0|0|0|0|0|0|0|0|0|2|6.2|12.5|1.5|4.7|9.4|1|2.4|4.4|4.5|5|5.5|||||||||||||||||||||||||||||||||"6787228"|"18863167"
"H3"||"H"||3||142|||165|||||0|0|0|0|0|0|80|100|100|77.5|100|100|46|65|95|23|35|60||65|||4|||14.2|||18|||19.3|||9.5|||17||||||||12|18|40||||0|0|0||||1.4|1.5|1.6|||||1.71|||1.4|8|14|0.1|0.13|0.16|||||20.8|||11.3|||41||3|4.5|5.9|18|23|43|3|6|17|0|0|3|".28"|".28"|0|0|0|0|0|0|0|0|0|0|0|0|3|4.5|10|2.2|3.4|7.5|1|2.4|4.4|4.5|5|5.5|||||||||||||||||||||||||||||||||"6787228"|"18863218"
"H2"||"H"||2||18|||165|||||0|0|0|0|0|0|100|100|100|98|100|100|83|95|100|44|75|95||31.1|||2.7|||3.2|||6|||10.6|||8.6|||30.9||||||||30|38|50||||0|0.5|1||||1.3|1.4|1.5|||||1.6|||0.01|2|4|0.14|0.16|0.18|||||34.6|||22.9|||45||3|4.5|5.9|34|41|52|12|16|22|2|11|25|".32"|".32"|0|0|0|0|0|0|0|0|0|0|0|0|7.5|10.6|14.8|5.6|8|11.1|1|2.4|4.4|3.6|4.8|6|||||||||||||||||||||||||||||||||"6787237"|"18863034"
"H1"||"H"||1||0|||18|||||0|0|0|0|0|0|97.5|100|100|95|100|100|70|95|100|40|80|90||30.1|||2.5|||3.5|||5|||9.4|||9.7|||54.9||||||||10|15|20||||1|3|6||||1.2|1.3|1.4|||||1.36|||4|9|14|0.11|0.14|0.16|||||27.1|||11.5|||47||0|1.5|2.9|16|20|25|2|4|7|0|0|4|".28"|".28"|0|0|0|0|0|0|0|0|0|0|0|0|4.8|10.5|18.5|3.6|7.9|13.9|1|2.4|4.4|3.6|4.8|6|||||||||||||||||||||||||||||||||"6787237"|"18863187"
"H1"||"H"||1||0|||18|||||0|0|0|0|0|0|97.5|100|100|95|100|100|70|95|100|40|80|90||30.1|||2.5|||3.5|||5|||9.4|||9.7|||54.9||||||||10|15|20||||1|3|6||||1.2|1.3|1.4|||||1.36|||4|9|14|0.11|0.14|0.16|||||27.1|||11.5|||47||0|1.5|2.9|16|20|25|2|4|7|0|0|4|".28"|".28"|0|0|0|0|0|0|0|0|0|0|0|0|4.8|10.5|18.5|3.6|7.9|13.9|1|2.4|4.4|3.6|4.8|6|||||||||||||||||||||||||||||||||"6787286"|"18863099"
"H2"||"H"||2||18|||165|||||0|0|0|0|0|0|100|100|100|98|100|100|83|95|100|44|75|95||31.1|||2.7|||3.2|||6|||10.6|||8.6|||30.9||||||||30|38|50||||0|0.5|1||||1.3|1.4|1.5|||||1.6|||0.01|2|4|0.14|0.16|0.18|||||34.6|||22.9|||45||3|4.5|5.9|34|41|52|12|16|22|2|11|25|".32"|".32"|0|0|0|0|0|0|0|0|0|0|0|0|7.5|10.6|14.8|5.6|8|11.1|1|2.4|4.4|3.6|4.8|6|||||||||||||||||||||||||||||||||"6787286"|"18863150"
"H1"||"H"||1||0|||0|||0|||0|0|0|0|0|||100|||100||||||||||||||||||||||||||||||||||||||||||||||||||||||||0|0|0|0|0|0|||||||||||||||||||||||||||0|0|0|0|0|0|0|0|0|0|0|0|||||||1|2.4|4.4||||||||||||||||||||||||||||||||||||"6787261"|"18863193"
"H3"||"H"||3||130|||160|||||0|0|0|0|0|0|100|100|100|100|100|100|50|78|90|5|48|55||68.8|||0.1|||3.2|||15.6|||33|||16.9|||16.2||||||||1|15|35||||0|0|0||||1.3|1.4|1.5|||||1.46|||4|9|14|0.11|0.14|0.17|||||19.1|||9.4|||45||0|1.5|2.9|8|20|38|0|4|14|0|0|5|".20"|".20"|0|0|0|0|0|0|0|0|0|0|0|0|0.1|3.8|8.8|0.1|2.8|6.6|1|2.4|4.4|3.6|4.6|5.5|||||||||||||||||||||||||||||||||"6787223"|"18863053"
"H1"||"H"||1||0|||28|||||0|0|0|0|0|0|100|100|100|100|100|100|60|78|85|30|48|55||68.8|||0.1|||3.2|||15.6|||33|||16.9|||16.2||||||||10|15|20||||0.5|2|3||||1.3|1.45|1.6|||||1.52|||14|28|42|0.1|0.13|0.15|||||21.7|||12.5|||42||0|1.5|2.9|16|20|25|2|4|7|0|0|1|".20"|".20"|0|0|0|0|0|0|0|0|0|0|0|0|3.6|8.2|11.8|2.7|6.2|8.8|1|2.4|4.4|3.6|4.8|6|||||||||||||||||||||||||||||||||"6787223"|"18863155"
"H2"||"H"||2||28|||130|||||0|0|0|0|0|0|100|100|100|100|100|100|60|85|100|30|45|80||55.8|||1.3|||8.2|||14.8|||20.2|||11.3|||17.7||||||||18|26.5|35||||0|0|0||||1.3|1.4|1.5|||||1.46|||4|9|14|0.11|0.15|0.18|||||24|||15.6|||45||0|1.5|2.9|23|31|38|6|10|14|0|1|11|".20"|".20"|0|0|0|0|0|0|0|0|0|0|0|0|4.5|6.8|8.8|3.4|5.1|6.6|1|2.4|4.4|3.6|4.6|5.5|||||||||||||||||||||||||||||||||"6787223"|"18863206"
"H1"||"H"||1||0|||18|||||0|0|0|0|0|0|97.5|100|100|95|100|100|70|95|100|40|80|90||30.1|||2.5|||3.5|||5|||9.4|||9.7|||54.9||||||||10|15|20||||1|3|6||||1.2|1.3|1.4|||||1.36|||4|9|14|0.11|0.14|0.16|||||27.1|||11.5|||47||0|1.5|2.9|16|20|25|2|4|7|0|0|4|".28"|".28"|0|0|0|0|0|0|0|0|0|0|0|0|4.8|10.5|18.5|3.6|7.9|13.9|1|2.4|4.4|3.6|4.8|6|||||||||||||||||||||||||||||||||"6787248"|"18863060"
"H2"||"H"||2||18|||165|||||0|0|0|0|0|0|100|100|100|98|100|100|83|95|100|44|75|95||31.1|||2.7|||3.2|||6|||10.6|||8.6|||30.9||||||||30|38|50||||0|0.5|1||||1.3|1.4|1.5|||||1.6|||0.01|2|4|0.14|0.16|0.18|||||34.6|||22.9|||45||3|4.5|5.9|34|41|52|12|16|22|2|11|25|".32"|".32"|0|0|0|0|0|0|0|0|0|0|0|0|7.5|10.6|14.8|5.6|8|11.1|1|2.4|4.4|3.6|4.8|6|||||||||||||||||||||||||||||||||"6787248"|"18863112"
"H1"||"H"||1||0|||15||||||0|0|0|0|0||||||||||||||||||||||||||||||||||||||||||||||20|40|60||||0.15|0.28|0.4||||||||4|23|42|0.02|0.04|0.06|||||||||||||0|0|0|7|7|7|0|0|0|0|0|0|".28"|".28"|0|0|0|0|0|0|40|50|55|8|8|32|45|90|135|33.4|67.5|101.3|1|2.4|4.4|6.1|7.3|8.4|||||||||||||||||||||||||||||||||"6787225"|"18863160"
"H2"||"H"||2||15|||203|||||0|0|0|0|0|0|100|100|100|98|100|100|83|97.5|100|44|90|95||5.5|||0.2|||0.3|||0.6|||1.7|||2.7|||47||||||||35|47.5|60||||5|9|16||||1.3|1.45|1.6|||||1.8|||0.01|0.2|0.42|0.02|0.04|0.06|||||37.7|||36.6|||39||6|7.5|8.9|38|50|61|14|21|27|2|22|31|".24"|".24"|0|0|0|0|0|0|45|50|55|8|8|32|20|32.2|51|15|24.1|38.3|1|2.4|4.4|6.1|7.3|8.4|||||||||||||||||||||||||||||||||"6787225"|"18863211"
"H1"||"H"||1||0|||152|||||0|0|0|0|0|0|80|95|100|77.5|90|100|39|54|80|4|9|35||98.5|||0.7|||13.5|||38.2|||38.8|||7.3|||1.5||||||||0|0|2||||0|0|0.1||||1.35|1.6|1.85|||||1.6|||141|141|141|0.03|0.04|0.05|||||||||||35||0|0|2.9|7|7|9|0|0|0|0|0|0|".05"|".05"|0|0|0|0|0|0|0|0|0|0|0|0|0|0|0.1|0|0|0.1|1|2.4|4.4|5.1|6.5|7.8|||||||||||||||||||||||||||||||||"6787232"|"18863022"
"H1"||"H"||1||0|||36|||||0|0|0|0|0|0|100|100|100|100|100|100|60|90|100|30|58|90||62.7|||0|||0.1|||2.2|||24.2|||36.2|||23.3||||||||8|14|20||||4|6|8||||1.2|1.3|1.4|||||1.36|||4|9|14|0.08|0.12|0.15|||||24|||15.7|||46||0|1.5|2.9|14|20|25|1|4|7|0|0|4|".24"|".24"|0|0|0|0|0|0|0|0|0|4|4|8|11|17|23|8.3|12.8|17.3|1|2.4|4.4|6.1|7.3|8.4|||||||||||||||||||||||||||||||||"6787273"|"18863068"
"H2"||"H"||2||36|||178|||||0|0|0|0|0|0|100|100|100|100|100|100|60|78|95|30|48|75||67.5|||0.3|||4.7|||15|||29.3|||18.2|||21||||||||8|11.5|15||||0|0|0||||1.3|1.4|1.5|||||1.46|||4|9|14|0.08|0.12|0.15|||||17|||7.2|||45||0|1.5|2.9|14|17|20|1|3|4|0|0|0|".10"|".10"|0|0|0|0|0|0|0|0|0|4|4|8|2|3|3.8|1.5|2.2|2.8|1|2.4|4.4|6.1|7.3|8.4|||||||||||||||||||||||||||||||||"6787273"|"18863120"
"H1"||"H"||1||0|||18|||||0|0|0|0|0|0|97.5|100|100|95|100|100|70|95|100|40|80|90||30.1|||2.5|||3.5|||5|||9.4|||9.7|||54.9||||||||10|15|20||||1|3|6||||1.2|1.3|1.4|||||1.36|||4|9|14|0.11|0.14|0.16|||||27.1|||11.5|||47||0|1.5|2.9|16|20|25|2|4|7|0|0|4|".28"|".28"|0|0|0|0|0|0|0|0|0|0|0|0|4.8|10.5|18.5|3.6|7.9|13.9|1|2.4|4.4|3.6|4.8|6|||||||||||||||||||||||||||||||||"6787281"|"18863035"
"H2"||"H"||2||18|||165|||||0|0|0|0|0|0|100|100|100|98|100|100|83|95|100|44|75|95||31.1|||2.7|||3.2|||6|||10.6|||8.6|||30.9||||||||30|38|50||||0|0.5|1||||1.3|1.4|1.5|||||1.6|||0.01|2|4|0.14|0.16|0.18|||||34.6|||22.9|||45||3|4.5|5.9|34|41|52|12|16|22|2|11|25|".32"|".32"|0|0|0|0|0|0|0|0|0|0|0|0|7.5|10.6|14.8|5.6|8|11.1|1|2.4|4.4|3.6|4.8|6|||||||||||||||||||||||||||||||||"6787281"|"18863087"
"H1"||"H"||1||0|||36|||||0|0|0|0|0|0|100|100|100|100|100|100|60|90|100|30|58|90||62.7|||0|||0.1|||2.2|||24.2|||36.2|||23.3||||||||8|14|20||||4|6|8||||1.2|1.3|1.4|||||1.36|||4|9|14|0.08|0.12|0.15|||||24|||15.7|||46||0|1.5|2.9|14|20|25|1|4|7|0|0|4|".24"|".24"|0|0|0|0|0|0|0|0|0|4|4|8|11|17|23|8.3|12.8|17.3|1|2.4|4.4|6.1|7.3|8.4|||||||||||||||||||||||||||||||||"6787235"|"18863029"
"H2"||"H"||2||36|||178|||||0|0|0|0|0|0|100|100|100|100|100|100|60|78|95|30|48|75||67.5|||0.3|||4.7|||15|||29.3|||18.2|||21||||||||8|11.5|15||||0|0|0||||1.3|1.4|1.5|||||1.46|||4|9|14|0.08|0.12|0.15|||||17|||7.2|||45||0|1.5|2.9|14|17|20|1|3|4|0|0|0|".10"|".10"|0|0|0|0|0|0|0|0|0|4|4|8|2|3|3.8|1.5|2.2|2.8|1|2.4|4.4|6.1|7.3|8.4|||||||||||||||||||||||||||||||||"6787235"|"18863081"
"H1"||"H"||1||0|||15||||||0|0|0|0|0||||||||||||||||||||||||||||||||||||||||||||||20|40|60||||0.15|0.28|0.4||||||||4|23|42|0.02|0.04|0.06|||||||||||||0|0|0|7|7|7|0|0|0|0|0|0|".28"|".28"|0|0|0|0|0|0|40|50|55|8|8|32|45|90|135|33.4|67.5|101.3|1|2.4|4.4|6.1|7.3|8.4|||||||||||||||||||||||||||||||||"6787243"|"18863151"
"H2"||"H"||2||15|||203|||||0|0|0|0|0|0|100|100|100|98|100|100|83|97.5|100|44|90|95||5.5|||0.2|||0.3|||0.6|||1.7|||2.7|||47||||||||35|47.5|60||||5|9|16||||1.3|1.45|1.6|||||1.8|||0.01|0.2|0.42|0.02|0.04|0.06|||||37.7|||36.6|||39||6|7.5|8.9|38|50|61|14|21|27|2|22|31|".24"|".24"|0|0|0|0|0|0|45|50|55|8|8|32|20|32.2|51|15|24.1|38.3|1|2.4|4.4|6.1|7.3|8.4|||||||||||||||||||||||||||||||||"6787243"|"18863202"
"H1"||"H"||1||0|||86|||||0|0|0|0|0|0|100|100|100|100|100|100|70|95|100|40|80|95||30.9|||2.6|||3.6|||5.1|||9.7|||9.9|||56.6||||||||7|12.5|35||||3|5|8||||1.3|1.4|1.55|||||1.46|||14|28|42|0.2|0.23|0.26|||||28.8|||13.6|||43||0|1.5|2.9|13|18|38|0|3|14|0|0|14|".17"|".17"|0|0|0|0|0|0|0|0|0|0|0|0|8.5|10.1|26.8|6.4|7.5|20.1|1|2.4|4.4|4.5|5|5.5|||||||||||||||||||||||||||||||||"6787247"|"18863058"
"H2"||"H"||2||86|||152|||||0|0|0|0|0|0|100|100|100|100|100|100|50|78|90|5|48|55||52|||4.3|||4.8|||11.1|||18.6|||13.2|||35.5||||||||0|12.5|30||||0|0|0||||1.45|1.55|1.65|||||1.62|||42|92|141|0.06|0.09|0.12|||||18.4|||8.7|||39||0|1.5|2.9|7|18|34|0|3|12|0|0|4|".17"|".17"|0|0|0|0|0|0|0|0|0|0|0|0|0|3.2|7.5|0|2.4|5.6|1|2.4|4.4|4.5|5|5.5|||||||||||||||||||||||||||||||||"6787247"|"18863110"
"H2"||"H"||2||46|||203|||||0|0|0|0|0|0|100|100|100|100|100|100|95|97.5|100|85|92.5|95||5.5|||0.2|||0.3|||0.6|||1.7|||2.7|||47||||||||35|47.5|60||||1|2|3||||0.5|0.8|1.1|||||0.99|||0.42|1|1.4|0.16|0.19|0.22|||||29.6|||20.2|||66||6|7.5|8.9|38|50|61|14|21|27|12|22|31|".32"|".32"|0|0|0|0|0|0|0|0|0|0|0|0|11|16.5|21.8|8.2|12.4|16.3|1|2.4|4.4|3.6|4.6|5.5|||||||||||||||||||||||||||||||||"6787280"|"18863033"
"H1"||"H"||1||0|||46|||||0|0|0|0|0|0|100|100|100|100|100|100|95|97.5|100|90|92.5|95||5.5|||0.2|||0.3|||0.6|||1.7|||2.7|||47||||||||35|47.5|60||||5|7.5|10||||0.5|0.8|1.1|||||0.99|||0.42|1|1.4|0.16|0.19|0.22|||||31.5|||23.5|||64||6|7.5|8.9|38|50|61|14|21|27|13|22|31|".32"|".32"|0|0|0|0|0|0|0|0|0|0|0|0|20|28.8|37.5|15|21.6|28.1|1|2.4|4.4|3.6|4.6|5.5|||||||||||||||||||||||||||||||||"6787280"|"18863186"
"H1"||"H"||1||0|||46|||||0|0|0|0|0|0|95|100|100|92.5|100|100|55|65|95|27|35|75||66.9|||4.7|||13.6|||16.7|||20.1|||11.8|||23.1||||||||5|10|18||||0.5|1.25|2||||1.2|1.35|1.5|||||1.41|||14|28|42|0.08|0.12|0.16|||||17|||7.3|||46||0|1.5|2.9|12|16|23|0|2|6|0|0|2|".24"|".24"|0|0|0|0|0|0|0|0|0|0|0|0|2.4|5.3|9|1.8|4|6.8|1|2.4|4.4|3.6|5.1|6.5|||||||||||||||||||||||||||||||||"6787292"|"18863061"
"H2"||"H"||2||46|||135|||||0|0|0|0|0|0|95|100|100|92.5|100|100|55|65|85|27|35|55||65.9|||4.3|||14.1|||17.5|||19.6|||10.4|||19.1||||||||5|15|20||||0|0.25|0.5||||1.35|1.45|1.55|||||1.52|||14|28|42|0.08|0.12|0.16|||||19.1|||9.5|||43||0|1.5|2.9|12|20|25|0|4|7|0|0|1|".17"|".17"|0|0|0|0|0|0|0|0|0|0|0|0|1.2|4.3|6.1|0.9|3.2|4.6|1|2.4|4.4|3.6|5.1|6.5|||||||||||||||||||||||||||||||||"6787292"|"18863113"
"H3"||"H"||3||135|||180|||||0|0|0|0|0|0|95|100|100|92.5|100|100|46|68|85|4|23|45||77|||3.2|||12.2|||20.2|||26.5|||14.9|||18.5||||||||1|4.5|8||||0|0.25|0.5||||1.3|1.4|1.5|||||1.46|||42|92|141|0.02|0.05|0.07||17.5|||11.7|||3.2|||45||0|1.5|2.9|8|11|14|0|0|1|0|0|0|".17"|".17"|0|0|0|0|0|0|0|0|0|0|0|0|0.1|1.8|3.1|0.1|1.4|2.3|1|2.4|4.4|4.5|5.3|6|||||||||||||||||||||||||||||||||"6787292"|"18863164"
"H3"||"H"||3||119|||183|||||0|0|0|0|0|0|90|100|100|85|100|100|60|97.5|100|30|92.5|95||35|||2.2|||3|||6.6|||12.6|||10.6|||20||||||||15|45|60||||0|0|0||||1.4|1.48|1.55|||||1.69|||0.01|2|4|0.11|0.14|0.17|||||36.3|||24.7|||42||3|4.5|5.9|20|48|61|4|20|27|0|21|31|".32"|".32"|0|0|0|0|0|0|0|0|0|0|0|0|3.8|11.2|15|2.8|8.4|11.1|1|2.4|4.4|3.6|4.6|5.5|||||||||||||||||||||||||||||||||"6787272"|"18863168"
"H1"||"H"||1||0|||33|||||0|0|0|0|0|0|90|100|100|85|100|100|85|90|100|50|58|90||57.5|||4.2|||3.3|||12.8|||22.3|||14.9|||24.5||||||||15|18|25||||0.5|0.75|1||||1.35|1.4|1.45|||||1.46|||4|9|14|0.16|0.19|0.22|||||21.5|||12.3|||44||0|1.5|2.9|20|25|30|4|7|10|0|1|8|".43"|".43"|0|0|0|0|0|0|0|0|0|0|0|0|4.9|6.7|8.5|3.7|5|6.4|1|2.4|4.4|3.6|4.6|5.5|||||||||||||||||||||||||||||||||"6787272"|"18863065"
"H2"||"H"||2||33|||119|||||0|0|0|0|0|0|90|100|100|85|100|100|80|97.5|100|35|90|95||40|||3.7|||4.2|||7.6|||13.5|||11|||20||||||||20|40|60||||0|0|0||||1.4|1.45|1.5|||||1.65|||0.01|2|4|0.13|0.15|0.2|||||30.5|||21.8|||43||3|4.5|5.9|25|43|61|7|17|27|0|17|31|".32"|".32"|0|0|0|0|0|0|0|0|0|0|0|0|5|10|15|3.8|7.5|11.2|1|2.4|4.4|3.6|4.6|5.5|||||||||||||||||||||||||||||||||"6787272"|"18863117"
"H1"||"H"||1||0|||18|||||0|0|0|0|0|0|99|100|100|98|100|100|83|95|100|58|80|90||29.1|||2.4|||3.4|||4.8|||9.1|||9.4|||53.4||||||||10|17.5|25||||0.5|1.25|2||||1.2|1.25|1.3|||||1.31|||4|9|14|0.1|0.14|0.17|||||26|||10.2|||50||0|1.5|2.9|16|23|30|2|6|10|0|2|8|".37"|".37"|0|0|0|0|0|0|0|0|0|0|0|0|3.6|7.3|10.8|2.7|5.5|8.1|1|2.4|4.4|3.6|4.6|5.5|||||||||||||||||||||||||||||||||"6787254"|"18863074"
"H2"||"H"||2||18|||216|||||0|0|0|0|0|0|99|100|100|98|100|100|88|97.5|100|67|92.5|95||7.2|||0.2|||0.4|||0.8|||2.3|||3.5|||47.8||||||||27|45|60||||0|0|0||||1.25|1.3|1.35|||||1.48|||1.4|3|4|0.12|0.16|0.19|||||31.6|||23.7|||48||3|4.5|5.9|31|48|61|10|20|27|4|21|31|".37"|".37"|0|0|0|0|0|0|0|0|0|0|0|0|6.8|11.2|15|5.1|8.4|11.2|1|2.4|4.4|3.6|4.6|5.5|||||||||||||||||||||||||||||||||"6787254"|"18863125"
"H2"||"H"||2||46|||203|||||0|0|0|0|0|0|100|100|100|100|100|100|95|97.5|100|85|92.5|95||5.5|||0.2|||0.3|||0.6|||1.7|||2.7|||47||||||||35|47.5|60||||1|2|3||||0.5|0.8|1.1|||||0.99|||0.42|1|1.4|0.16|0.19|0.22|||||29.6|||20.2|||66||6|7.5|8.9|38|50|61|14|21|27|12|22|31|".32"|".32"|0|0|0|0|0|0|0|0|0|0|0|0|11|16.5|21.8|8.2|12.4|16.3|1|2.4|4.4|3.6|4.6|5.5|||||||||||||||||||||||||||||||||"6787231"|"18863072"
"H1"||"H"||1||0|||46|||||0|0|0|0|0|0|100|100|100|100|100|100|95|97.5|100|90|92.5|95||5.5|||0.2|||0.3|||0.6|||1.7|||2.7|||47||||||||35|47.5|60||||5|7.5|10||||0.5|0.8|1.1|||||0.99|||0.42|1|1.4|0.16|0.19|0.22|||||31.5|||23.5|||64||6|7.5|8.9|38|50|61|14|21|27|13|22|31|".32"|".32"|0|0|0|0|0|0|0|0|0|0|0|0|20|28.8|37.5|15|21.6|28.1|1|2.4|4.4|3.6|4.6|5.5|||||||||||||||||||||||||||||||||"6787231"|"18863225"
"H1"||"H"||1||0|||23|||||0|0|0|0|0|3|95|100|100|90|100|100|54|78|95|27|48|75||70.5|||0.1|||3.3|||16|||33.8|||17.3|||16.5||||||||8|13|18||||0.5|1.25|2||||1.3|1.38|1.45|||||1.44|||14|28|42|0.1|0.12|0.14|||||19.3|||9.7|||45||0|1.5|2.9|14|19|23|1|4|6|0|0|2|".28"|".28"|0|0|0|0|0|0|0|0|0|0|0|0|3.1|6.1|9|2.3|4.6|6.8|1|2.4|4.4|3.6|4.6|5.5|||||||||||||||||||||||||||||||||"6787244"|"18863051"
"H2"||"H"||2||23|||64|||||0|0|0|0|0|3|95|100|100|90|100|100|72|95|100|32|75|80||33.5|||3|||4.2|||5.8|||10.5|||10|||36.5||||||||12|30|40||||0|0|0||||1.3|1.38|1.45|||||1.44|||4|9|14|0.1|0.14|0.18|||||31.3|||17.4|||46||0|1.5|2.9|18|34|43|3|12|17|0|8|14|".24"|".24"|0|0|0|0|0|0|0|0|0|0|0|0|3|7.5|10|2.2|5.6|7.5|1|2.4|4.4|3.6|4.6|5.5|||||||||||||||||||||||||||||||||"6787244"|"18863103"
"H3"||"H"||3||64|||152|||||0|0|0|0|0|3|95|100|100|90|100|100|45|95|100|14|75|95||33.5|||3|||4.2|||5.8|||10.5|||10|||36.5||||||||3|30|50||||0|0|0||||1.35|1.48|1.6|||||1.69|||0.01|2|4|0.12|0.15|0.18|||||32.1|||18.6|||42||3|4.5|5.9|10|34|52|0|12|22|0|8|25|".24"|".24"|0|0|0|0|0|0|0|0|0|0|0|0|0.6|7.5|12.5|0.5|5.6|9.4|1|2.4|4.4|3.6|4.6|5.5|||||||||||||||||||||||||||||||||"6787244"|"18863154"
"H2"||"H"||2||23|||183|||||0|0|0|0|0|0|95|100|100|90|100|100|48|78|85|5|37|45||79.4|||0|||1.9|||12.9|||39.4|||25.2|||16.6||||||||0|4|7||||0|0|0||||1.3|1.45|1.6|||||1.52|||42|92|141|0.02|0.06|0.09||16.6|||10.7|||2.6|||43||0|1.5|2.9|7|11|13|0|0|0|0|0|0|".10"|".10"|0|0|0|0|0|0|0|0|0|0|0|0|0|0.9|1.8|0|0.7|1.3|1|2.4|4.4|4.5|5.5|6.5|||||||||||||||||||||||||||||||||"6787233"|"18863127"
"H1"||"H"||1||0|||23|||||0|0|0|0|0|0|95|100|100|90|100|100|67|78|85|26|37|45||79.4|||0|||1.9|||12.9|||39.4|||25.2|||16.6||||||||2|4|7||||0.5|1.25|2||||1.3|1.45|1.6|||||1.52|||42|92|141|0.05|0.08|0.11||19.2|||13.5|||4.4|||42||0|1.5|2.9|9|11|13|0|0|0|0|0|0|".10"|".10"|0|0|0|0|0|0|0|0|0|0|0|0|1.6|3.9|6.2|1|2.9|4.7|1|2.4|4.4|4.5|5.5|6.5|||||||||||||||||||||||||||||||||"6787233"|"18863076"
"H1"||"H"||1||0|||20|||||0|0|0|0|0|0|98|100|100|95|100|100|66|78|95|38|48|75||70.9|||0.1|||3.3|||16.1|||34|||17.4|||16.6||||||||8|12.5|20||||1|2|3||||1.3|1.45|1.6|||||1.52|||14|28|42|0.1|0.13|0.15|||||20.4|||10.9|||42||0|1.5|2.9|14|18|25|1|3|7|0|0|3|".20"|".20"|0|0|0|0|0|0|0|0|0|0|0|0|4.2|7.8|11.8|3.2|5.8|8.8|1|2.4|4.4|3.6|4.6|5.5|||||||||||||||||||||||||||||||||"6787214"|"18863031"
"H2"||"H"||2||20|||127|||||0|0|0|0|0|0|98|100|100|95|100|100|66|85|100|38|45|80||55.8|||1.3|||8.2|||14.8|||20.2|||11.3|||17.7||||||||18|26.5|35||||0|0|0||||1.3|1.4|1.5|||||1.46|||4|9|14|0.12|0.15|0.18|||||24|||15.6|||45||0|1.5|2.9|23|31|38|6|10|14|0|1|11|".20"|".20"|0|0|0|0|0|0|0|0|0|0|0|0|4.5|6.8|8.8|3.4|5.1|6.6|1|2.4|4.4|3.6|4.6|5.5|||||||||||||||||||||||||||||||||"6787214"|"18863083"
"H3"||"H"||3||127|||173|||||0|0|0|0|0|0|98|100|100|95|100|100|66|78|95|38|48|75||68.8|||0.1|||3.2|||15.6|||33|||16.9|||16.2||||||||12|15|35||||0|0|0||||1.3|1.45|1.6|||||1.52|||1.4|8|14|0.12|0.15|0.18|||||19.4|||9.8|||43||0|1.5|2.9|18|20|38|3|4|14|0|0|10|".20"|".20"|0|0|0|0|0|0|0|0|0|0|0|0|3|3.8|8.8|2.2|2.8|6.6|1|2.4|4.4|3.6|4.8|6|||||||||||||||||||||||||||||||||"6787214"|"18863134"
"H1"||"H"||1||0|||18|||||0|0|0|0|0|0|99|100|100|98|100|100|83|95|100|58|80|90||29.1|||2.4|||3.4|||4.8|||9.1|||9.4|||53.4||||||||10|17.5|25||||0.5|1.25|2||||1.2|1.25|1.3|||||1.31|||4|9|14|0.1|0.14|0.17|||||26|||10.2|||50||0|1.5|2.9|16|23|30|2|6|10|0|2|8|".37"|".37"|0|0|0|0|0|0|0|0|0|0|0|0|3.6|7.3|10.8|2.7|5.5|8.1|1|2.4|4.4|3.6|4.6|5.5|||||||||||||||||||||||||||||||||"6787215"|"18863085"
"H2"||"H"||2||18|||216|||||0|0|0|0|0|0|99|100|100|98|100|100|88|97.5|100|67|92.5|95||7.2|||0.2|||0.4|||0.8|||2.3|||3.5|||47.8||||||||27|45|60||||0|0|0||||1.25|1.3|1.35|||||1.48|||1.4|3|4|0.12|0.16|0.19|||||31.6|||23.7|||48||3|4.5|5.9|31|48|61|10|20|27|4|21|31|".37"|".37"|0|0|0|0|0|0|0|0|0|0|0|0|6.8|11.2|15|5.1|8.4|11.2|1|2.4|4.4|3.6|4.6|5.5|||||||||||||||||||||||||||||||||"6787215"|"18863136"
"H1"||"H"||1||0|||20|||||0|0|0|0|0|0|98|100|100|95|100|100|66|78|95|38|48|75||70.9|||0.1|||3.3|||16.1|||34|||17.4|||16.6||||||||8|12.5|20||||1|2|3||||1.3|1.45|1.6|||||1.52|||14|28|42|0.1|0.13|0.15|||||20.4|||10.9|||42||0|1.5|2.9|14|18|25|1|3|7|0|0|3|".20"|".20"|0|0|0|0|0|0|0|0|0|0|0|0|4.2|7.8|11.8|3.2|5.8|8.8|1|2.4|4.4|3.6|4.6|5.5|||||||||||||||||||||||||||||||||"6787252"|"18863070"
"H2"||"H"||2||20|||127|||||0|0|0|0|0|0|98|100|100|95|100|100|66|85|100|38|45|80||55.8|||1.3|||8.2|||14.8|||20.2|||11.3|||17.7||||||||18|26.5|35||||0|0|0||||1.3|1.4|1.5|||||1.46|||4|9|14|0.12|0.15|0.18|||||24|||15.6|||45||0|1.5|2.9|23|31|38|6|10|14|0|1|11|".20"|".20"|0|0|0|0|0|0|0|0|0|0|0|0|4.5|6.8|8.8|3.4|5.1|6.6|1|2.4|4.4|3.6|4.6|5.5|||||||||||||||||||||||||||||||||"6787252"|"18863122"
"H3"||"H"||3||127|||173|||||0|0|0|0|0|0|98|100|100|95|100|100|66|78|95|38|48|75||68.8|||0.1|||3.2|||15.6|||33|||16.9|||16.2||||||||12|15|35||||0|0|0||||1.3|1.45|1.6|||||1.52|||1.4|8|14|0.12|0.15|0.18|||||19.4|||9.8|||43||0|1.5|2.9|18|20|38|3|4|14|0|0|10|".20"|".20"|0|0|0|0|0|0|0|0|0|0|0|0|3|3.8|8.8|2.2|2.8|6.6|1|2.4|4.4|3.6|4.8|6|||||||||||||||||||||||||||||||||"6787252"|"18863173"
"H1"||"H"||1||0|||43|||||0|0|0|0|0|0|100|100|100|95|100|100|70|78|85|28|48|55||69.3|||0.3|||4.8|||15.4|||30.1|||18.7|||21.7||||||||4|9|14||||1|2|3||||1.2|1.28|1.35|||||1.34|||14|28|42|0.08|0.12|0.16|||||17.4|||7.6|||48||0|1.5|2.9|11|15|20|0|2|4|0|0|0|".20"|".20"|0|0|0|0|0|0|0|0|0|0|0|0|3.2|6.8|10.2|2.4|5.1|7.7|1|2.4|4.4|3.6|4.6|5.5|||||||||||||||||||||||||||||||||"6787222"|"18863102"
"H2"||"H"||2||43|||91|||||0|0|0|0|0|0|100|100|100|95|100|100|57|78|85|28|48|55||70.5|||0.1|||3.3|||16|||33.8|||17.3|||16.5||||||||8|13|18||||0|0|0||||1.2|1.28|1.35|||||1.34|||4|9|14|0.08|0.13|0.18|||||17.2|||7.5|||49||0|1.5|2.9|14|19|23|1|4|6|0|0|0|".17"|".17"|0|0|0|0|0|0|0|0|0|0|0|0|2|3.2|4.5|1.5|2.4|3.4|1|2.4|4.4|3.6|4.6|5.5|||||||||||||||||||||||||||||||||"6787222"|"18863153"
"H3"||"H"||3||91|||152|||||0|0|0|0|0|0|85|100|100|80|100|100|50|78|85|5|37|45||78.6|||0|||1.9|||12.8|||39|||24.9|||16.4||||||||1|5|8||||0|0|0||||1.35|1.45|1.55|||||1.52|||14|78|141|0.04|0.06|0.08||17.7|||11.8|||3.3|||43||0|1.5|2.9|8|12|14|0|0|1|0|0|0|".17"|".17"|0|0|0|0|0|0|0|0|0|0|0|0|0.1|1.2|2|0.1|0.9|1.5|1|2.4|4.4|3.6|4.6|5.5|||||||||||||||||||||||||||||||||"6787222"|"18863204"
"H1"||"H"||1||0|||18|||||0|0|0|0|0|0|99|100|100|98|100|100|83|95|100|58|80|90||29.1|||2.4|||3.4|||4.8|||9.1|||9.4|||53.4||||||||10|17.5|25||||0.5|1.25|2||||1.2|1.25|1.3|||||1.31|||4|9|14|0.1|0.14|0.17|||||26|||10.2|||50||0|1.5|2.9|16|23|30|2|6|10|0|2|8|".37"|".37"|0|0|0|0|0|0|0|0|0|0|0|0|3.6|7.3|10.8|2.7|5.5|8.1|1|2.4|4.4|3.6|4.6|5.5|||||||||||||||||||||||||||||||||"6787253"|"18863124"
"H2"||"H"||2||18|||216|||||0|0|0|0|0|0|99|100|100|98|100|100|88|97.5|100|67|92.5|95||7.2|||0.2|||0.4|||0.8|||2.3|||3.5|||47.8||||||||27|45|60||||0|0|0||||1.25|1.3|1.35|||||1.48|||1.4|3|4|0.12|0.16|0.19|||||31.6|||23.7|||48||3|4.5|5.9|31|48|61|10|20|27|4|21|31|".37"|".37"|0|0|0|0|0|0|0|0|0|0|0|0|6.8|11.2|15|5.1|8.4|11.2|1|2.4|4.4|3.6|4.6|5.5|||||||||||||||||||||||||||||||||"6787253"|"18863175"
"H3"||"H"||3||122|||203|||||0|0|0|0|0|0|95|100|100|90|100|100|45|78|85|14|48|55||70.8|||0.3|||4.9|||15.7|||30.8|||19.1|||22.2||||||||2|7|18||||0|0|0||||1.35|1.45|1.55|||||1.52|||14|78|141|0.04|0.06|0.08|||||13.8|||4.6|||43||0|1.5|2.9|9|13|23|0|0|6|0|0|0|".17"|".17"|0|0|0|0|0|0|0|0|0|0|0|0|0.3|1.8|4.5|0.2|1.3|3.4|1|2.4|4.4|4.5|5.3|6|||||||||||||||||||||||||||||||||"6787211"|"18863024"
"H1"||"H"||1||0|||28|||||0|0|0|0|0|0|95|100|100|90|100|100|63|78|85|25|37|55||77.4|||0|||1.9|||12.6|||38.4|||24.5|||16.1||||||||3|6.5|15||||0.5|0.75|1||||1.2|1.28|1.35|||||1.34|||14|28|42|0.06|0.08|0.1||19.6|||13.9|||4.7|||49||0|1.5|2.9|10|13|20|0|0|4|0|0|0|".17"|".17"|0|0|0|0|0|0|0|0|0|0|0|0|1.8|3.4|6|1|2.6|4.5|1|2.4|4.4|4.5|5.3|6|||||||||||||||||||||||||||||||||"6787211"|"18863126"
"H2"||"H"||2||28|||122|||||0|0|0|0|0|0|95|100|100|90|100|100|60|78|85|30|48|55||70.5|||0.1|||3.3|||16|||33.8|||17.3|||16.5||||||||8|13|18||||0|0|0||||1.2|1.28|1.35|||||1.34|||4|23|42|0.08|0.13|0.18|||||17.2|||7.5|||49||0|1.5|2.9|14|19|23|1|4|6|0|0|0|".17"|".17"|0|0|0|0|0|0|0|0|0|0|0|0|2|3.2|4.5|1.5|2.4|3.4|1|2.4|4.4|4.5|5.3|6|||||||||||||||||||||||||||||||||"6787211"|"18863177"
"H1"||"H"||1||0|||46|||||0|0|0|0|0|0|100|100|100|100|100|100|95|97.5|100|90|92.5|95||5.5|||0.2|||0.3|||0.6|||1.7|||2.7|||47||||||||35|47.5|60||||5|7.5|10||||0.5|0.8|1.1|||||0.99|||0.42|1|1.4|0.16|0.19|0.22|||||31.5|||23.5|||64||6|7.5|8.9|38|50|61|14|21|27|13|22|31|".32"|".32"|0|0|0|0|0|0|0|0|0|0|0|0|20|28.8|37.5|15|21.6|28.1|1|2.4|4.4|3.6|4.6|5.5|||||||||||||||||||||||||||||||||"6787249"|"18863165"
"H2"||"H"||2||46|||203|||||0|0|0|0|0|0|100|100|100|100|100|100|95|97.5|100|85|92.5|95||5.5|||0.2|||0.3|||0.6|||1.7|||2.7|||47||||||||35|47.5|60||||1|2|3||||0.5|0.8|1.1|||||0.99|||0.42|1|1.4|0.16|0.19|0.22|||||29.6|||20.2|||66||6|7.5|8.9|38|50|61|14|21|27|12|22|31|".32"|".32"|0|0|0|0|0|0|0|0|0|0|0|0|11|16.5|21.8|8.2|12.4|16.3|1|2.4|4.4|3.6|4.6|5.5|||||||||||||||||||||||||||||||||"6787249"|"18863216"
"H1"||"H"||1||0|||36|||||0|0|0|0|0|0|100|100|100|100|100|100|60|90|100|30|58|90||62.7|||0|||0.1|||2.2|||24.2|||36.2|||23.3||||||||8|14|20||||4|6|8||||1.2|1.3|1.4|||||1.36|||4|9|14|0.08|0.12|0.15|||||24|||15.7|||46||0|1.5|2.9|14|20|25|1|4|7|0|0|4|".24"|".24"|0|0|0|0|0|0|0|0|0|4|4|8|11|17|23|8.3|12.8|17.3|1|2.4|4.4|6.1|7.3|8.4|||||||||||||||||||||||||||||||||"6787246"|"18863158"
"H2"||"H"||2||36|||178|||||0|0|0|0|0|0|100|100|100|100|100|100|60|78|95|30|48|75||67.5|||0.3|||4.7|||15|||29.3|||18.2|||21||||||||8|11.5|15||||0|0|0||||1.3|1.4|1.5|||||1.46|||4|9|14|0.08|0.12|0.15|||||17|||7.2|||45||0|1.5|2.9|14|17|20|1|3|4|0|0|0|".10"|".10"|0|0|0|0|0|0|0|0|0|4|4|8|2|3|3.8|1.5|2.2|2.8|1|2.4|4.4|6.1|7.3|8.4|||||||||||||||||||||||||||||||||"6787246"|"18863209"
"H2"||"H"||2||15|||203|||||0|0|0|0|0|0|100|100|100|98|100|100|83|97.5|100|44|90|95||5.5|||0.2|||0.3|||0.6|||1.7|||2.7|||47||||||||35|47.5|60||||5|9|16||||1.3|1.45|1.6|||||1.8|||0.01|0.2|0.42|0.02|0.04|0.06|||||37.7|||36.6|||39||6|7.5|8.9|38|50|61|14|21|27|2|22|31|".24"|".24"|0|0|0|0|0|0|45|50|55|8|8|32|20|32.2|51|15|24.1|38.3|1|2.4|4.4|6.1|7.3|8.4|||||||||||||||||||||||||||||||||"6787236"|"18863032"
"H1"||"H"||1||0|||15||||||0|0|0|0|0||||||||||||||||||||||||||||||||||||||||||||||20|40|60||||0.15|0.28|0.4||||||||4|23|42|0.02|0.04|0.06|||||||||||||0|0|0|7|7|7|0|0|0|0|0|0|".28"|".28"|0|0|0|0|0|0|40|50|55|8|8|32|45|90|135|33.4|67.5|101.3|1|2.4|4.4|6.1|7.3|8.4|||||||||||||||||||||||||||||||||"6787236"|"18863185"
"H3"||"H"||3||109|||198|||||0|0|0|0|0|0|100|100|100|100|100|100|50|63|90|5|23|55||90|||0.6|||12.3|||34.9|||35.5|||6.7|||4.5||||||||1|5.5|25||||0|0|0||||1.5|1.6|1.7|||||1.67|||42|92|141|0|0.03|0.05||14.5|||10.6|||3.9|||38||0|1.5|2.9|8|12|16|0|0|2|0|0|0|".10"|".10"|0|0|0|0|0|0|0|0|0|0|0|0|0.2|1.4|2.5|0.2|1|1.9|1|2.4|4.4|4.5|5.3|6|||||||||||||||||||||||||||||||||"6787240"|"18863042"
"H1"||"H"||1||0|||64|||||0|0|0|0|0|0|100|100|100|100|100|100|50|78|85|15|36|45||84.3|||0|||2.1|||13.7|||41.8|||26.7|||9.2||||||||3|6.5|10||||0.5|1.25|2||||1.5|1.6|1.7|||||1.67|||42|92|141|0.04|0.07|0.1||21.6|||16.3|||6.6|||37||0|1.5|2.9|10|13|16|0|0|2|0|0|0|".15"|".15"|0|0|0|0|0|0|0|0|0|0|0|0|1.9|4.4|7|1.4|3.3|5.2|1|2.4|4.4|4.5|5.3|6|||||||||||||||||||||||||||||||||"6787240"|"18863144"
"H2"||"H"||2||64|||109|||||0|0|0|0|0|0|100|100|100|100|100|100|60|78|90|30|48|55||59.1|||4.3|||3.4|||13.2|||22.9|||15.3|||22.9||||||||5|18|35||||0|0|0||||1.3|1.4|1.5|||||1.46|||4|23|42|0.1|0.13|0.16|||||20.8|||11.3|||45||0|1.5|2.9|12|28|38|0|8|14|0|1|5|".15"|".15"|0|0|0|0|0|0|0|0|0|0|0|0|1.2|5.8|8.8|0.9|4.3|6.6|1|2.4|4.4|4.5|5.3|6|||||||||||||||||||||||||||||||||"6787240"|"18863195"
"H2"||"H"||2||43|||142|||||0|0|0|0|0|0|95|100|100|92.5|98|100|74|84|100|32|44|80||55.1|||1.3|||8.1|||14.6|||20|||11.1|||17.4||||||||20|27.5|35||||0|0|0||||1.35|1.48|1.6|||||1.55|||4|9|14|0.12|0.15|0.18|||||24.7|||16.9|||41||0|1.5|2.9|25|32|38|7|11|14|0|1|11|".24"|".24"|0|0|0|0|0|0|0|0|0|0|0|0|5|7|8.8|3.8|5.2|6.5|1|2.4|4.4|4.5|5.3|6|||||||||||||||||||||||||||||||||"6787221"|"18863048"
"H3"||"H"||3||142|||178|||||0|0|0|0|0|0|80|100|100|77.5|100|100|40|65|90|11|35|55||65.9|||4.3|||14.1|||17.5|||19.6|||10.4|||19.1||||||||5|15|30||||0|0|0||||1.3|1.4|1.5|||||1.46|||4|9|14|0.12|0.15|0.18|||||18.5|||8.8|||45||0|1.5|2.9|12|20|34|0|4|12|0|0|4|".24"|".24"|0|0|0|0|0|0|0|0|0|0|0|0|1.2|3.8|7.5|0.9|2.8|5.6|1|2.4|4.4|4.5|5.3|6|||||||||||||||||||||||||||||||||"6787221"|"18863100"
"H1"||"H"||1||0|||43|||||0|0|0|0|0|0|90|100|100|85|100|100|51|90|95|26|58|75||70.9|||0.1|||3.3|||16.1|||34|||17.4|||16.6||||||||5|12.5|24||||0.5|1.25|2||||1.4|1.55|1.7|||||1.62|||14|28|42|0.1|0.13|0.15|||||20.1|||10.5|||39||0|1.5|2.9|12|18|29|0|3|9|0|0|5|".20"|".20"|0|0|0|0|0|0|0|0|0|0|0|0|2.4|6.1|10.5|1.8|4.6|7.9|1|2.4|4.4|4.5|5.3|6|||||||||||||||||||||||||||||||||"6787221"|"18863201"
"H2"||"H"||2||36|||140|||||0|0|0|0|0|3|90|100|100|85|100|100|51|85|90|26|45|55||57|||1.3|||8.4|||15.1|||20.7|||11.5|||18||||||||12|25|35||||0|0|0||||1.3|1.38|1.45|||||1.44|||14|28|42|0.12|0.15|0.18|||||23.2|||14.5|||46||0|1.5|2.9|18|30|38|3|10|14|0|1|5|".24"|".24"|0|0|0|0|0|0|0|0|0|0|0|0|3|6.2|8.8|2.2|4.7|6.6|1|2.4|4.4|4.5|5.3|6|||||||||||||||||||||||||||||||||"6787234"|"18863078"
"H3"||"H"||3||140|||173|||||0|0|0|0|0|8|85|100|100|80|100|100|40|78|95|12|48|60||71.3|||0.1|||3.3|||16.2|||34.2|||17.5|||16.7||||||||2|12|20||||0|0|0||||1.35|1.5|1.65|||||1.57|||4|9|14|0.12|0.15|0.18|||||17.8|||8.1|||41||0|1.5|2.9|9|18|25|0|3|7|0|0|1|".24"|".24"|0|0|0|0|0|0|0|0|0|0|0|0|0.3|3|5|0.2|2.2|3.8|1|2.4|4.4|4.5|5.3|6|||||||||||||||||||||||||||||||||"6787234"|"18863129"
"H1"||"H"||1||0|||36|||||0|0|0|0|0|3|90|100|100|85|100|100|51|78|85|26|48|55||68.5|||0.3|||4.7|||15.2|||29.8|||18.5|||21.5||||||||5|10|15||||0.5|1.25|2||||1.3|1.35|1.4|||||1.41|||14|28|42|0.08|0.11|0.14|||||17.4|||7.7|||46||0|1.5|2.9|12|16|20|0|2|4|0|0|0|".28"|".28"|0|0|0|0|0|0|0|0|0|0|0|0|2.4|5.3|8.2|1.8|4|6.2|1|2.4|4.4|4.5|5.3|6|||||||||||||||||||||||||||||||||"6787234"|"18863180"
"H1"||"H"||1||0|||46|||||0|0|0|0|0|0|100|100|100|100|100|100|95|97.5|100|90|92.5|95||5.5|||0.2|||0.3|||0.6|||1.7|||2.7|||47||||||||35|47.5|60||||5|7.5|10||||0.5|0.8|1.1|||||0.99|||0.42|1|1.4|0.16|0.19|0.22|||||31.5|||23.5|||64||6|7.5|8.9|38|50|61|14|21|27|13|22|31|".32"|".32"|0|0|0|0|0|0|0|0|0|0|0|0|20|28.8|37.5|15|21.6|28.1|1|2.4|4.4|3.6|4.6|5.5|||||||||||||||||||||||||||||||||"6787242"|"18863098"
"H2"||"H"||2||46|||203|||||0|0|0|0|0|0|100|100|100|100|100|100|95|97.5|100|85|92.5|95||5.5|||0.2|||0.3|||0.6|||1.7|||2.7|||47||||||||35|47.5|60||||1|2|3||||0.5|0.8|1.1|||||0.99|||0.42|1|1.4|0.16|0.19|0.22|||||29.6|||20.2|||66||6|7.5|8.9|38|50|61|14|21|27|12|22|31|".32"|".32"|0|0|0|0|0|0|0|0|0|0|0|0|11|16.5|21.8|8.2|12.4|16.3|1|2.4|4.4|3.6|4.6|5.5|||||||||||||||||||||||||||||||||"6787242"|"18863149"
"H1"||"H"||1||0|||43|||||0|0|0|0|0|0|100|100|100|95|100|100|70|78|85|28|48|55||69.3|||0.3|||4.8|||15.4|||30.1|||18.7|||21.7||||||||4|9|14||||1|2|3||||1.2|1.28|1.35|||||1.34|||14|28|42|0.08|0.12|0.16|||||17.4|||7.6|||48||0|1.5|2.9|11|15|20|0|2|4|0|0|0|".20"|".20"|0|0|0|0|0|0|0|0|0|0|0|0|3.2|6.8|10.2|2.4|5.1|7.7|1|2.4|4.4|3.6|4.6|5.5|||||||||||||||||||||||||||||||||"6787219"|"18863095"
"H2"||"H"||2||43|||91|||||0|0|0|0|0|0|100|100|100|95|100|100|57|78|85|28|48|55||70.5|||0.1|||3.3|||16|||33.8|||17.3|||16.5||||||||8|13|18||||0|0|0||||1.2|1.28|1.35|||||1.34|||4|9|14|0.08|0.13|0.18|||||17.2|||7.5|||49||0|1.5|2.9|14|19|23|1|4|6|0|0|0|".17"|".17"|0|0|0|0|0|0|0|0|0|0|0|0|2|3.2|4.5|1.5|2.4|3.4|1|2.4|4.4|3.6|4.6|5.5|||||||||||||||||||||||||||||||||"6787219"|"18863146"
"H3"||"H"||3||91|||152|||||0|0|0|0|0|0|85|100|100|80|100|100|50|78|85|5|37|45||78.6|||0|||1.9|||12.8|||39|||24.9|||16.4||||||||1|5|8||||0|0|0||||1.35|1.45|1.55|||||1.52|||14|78|141|0.04|0.06|0.08||17.7|||11.8|||3.3|||43||0|1.5|2.9|8|12|14|0|0|1|0|0|0|".17"|".17"|0|0|0|0|0|0|0|0|0|0|0|0|0.1|1.2|2|0.1|0.9|1.5|1|2.4|4.4|3.6|4.6|5.5|||||||||||||||||||||||||||||||||"6787219"|"18863197"
"H1"||"H"||1||0|||18|||||0|0|0|0|0|0|97.5|100|100|95|100|100|70|95|100|40|80|90||30.1|||2.5|||3.5|||5|||9.4|||9.7|||54.9||||||||10|15|20||||1|3|6||||1.2|1.3|1.4|||||1.36|||4|9|14|0.11|0.14|0.16|||||27.1|||11.5|||47||0|1.5|2.9|16|20|25|2|4|7|0|0|4|".28"|".28"|0|0|0|0|0|0|0|0|0|0|0|0|4.8|10.5|18.5|3.6|7.9|13.9|1|2.4|4.4|3.6|4.8|6|||||||||||||||||||||||||||||||||"6787226"|"18863162"
"H2"||"H"||2||18|||165|||||0|0|0|0|0|0|100|100|100|98|100|100|83|95|100|44|75|95||31.1|||2.7|||3.2|||6|||10.6|||8.6|||30.9||||||||30|38|50||||0|0.5|1||||1.3|1.4|1.5|||||1.6|||0.01|2|4|0.14|0.16|0.18|||||34.6|||22.9|||45||3|4.5|5.9|34|41|52|12|16|22|2|11|25|".32"|".32"|0|0|0|0|0|0|0|0|0|0|0|0|7.5|10.6|14.8|5.6|8|11.1|1|2.4|4.4|3.6|4.8|6|||||||||||||||||||||||||||||||||"6787226"|"18863213"
"H1"||"H"||1||0|||33|||||0|0|0|0|0|3|100|100|100|100|100|100|70|78|95|40|48|75||70.5|||0.1|||3.3|||16|||33.8|||17.3|||16.5||||||||5|13|20||||0.5|1.25|2||||1.3|1.38|1.45|||||1.44|||14|28|42|0.1|0.12|0.14|||||19.3|||9.7|||45||0|1.5|2.9|12|19|25|0|4|7|0|0|3|".28"|".28"|0|0|0|0|0|0|0|0|0|0|0|0|2.4|6.1|9.5|1.8|4.6|7.1|1|2.4|4.4|3.6|4.6|5.5|||||||||||||||||||||||||||||||||"6787213"|"18863131"
"H2"||"H"||2||33|||198|||||0|0|0|0|0|2|100|100|100|100|100|100|90|95|100|70|75|95||40|||3.6|||5|||6.9|||12.5|||12|||30||||||||12|30|40||||0|0|0||||1.3|1.38|1.45|||||1.44|||4|9|14|0.1|0.14|0.18|||||31.3|||17.4|||46||0|1.5|2.9|18|28|38|3|9|14|0|5|14|".24"|".24"|0|0|0|0|0|0|0|0|0|0|0|0|3|6|8.8|2.2|4.5|6.6|1|2.4|4.4|3.6|4.6|5.5|||||||||||||||||||||||||||||||||"6787213"|"18863182"
"H3"||"H"||3||147|||191|||||0|0|0|0|0|8|95|100|100|92.5|100|100|55|85|100|27|45|80||55.8|||1.3|||8.2|||14.8|||20.2|||11.3|||17.7||||||||18|26.5|35||||0|0|0||||1.3|1.4|1.5|||||1.46|||4|9|14|0.12|0.16|0.2|||||24|||15.6|||45||0|1.5|2.9|23|31|38|6|10|14|0|1|11|".24"|".24"|0|0|0|0|0|0|0|0|0|0|0|0|4.5|6.8|8.8|3.4|5.1|6.6|1|2.4|4.4|3.6|4.8|6|||||||||||||||||||||||||||||||||"6787229"|"18863067"
"H1"||"H"||1||0|||33|||||0|0|0|0|0|5|95|100|100|92.5|100|100|55|78|95|27|48|75||70.9|||0.1|||3.3|||16.1|||34|||17.4|||16.6||||||||7|12.5|18||||0.5|1.25|2||||1.3|1.35|1.4|||||1.41|||14|28|42|0.1|0.14|0.17|||||18.9|||9.2|||46||0|1.5|2.9|13|18|23|0|3|6|0|0|2|".28"|".28"|0|0|0|0|0|0|0|0|0|0|0|0|2.9|5.9|9|2.2|4.5|6.8|1|2.4|4.4|4.5|5|5.5|||||||||||||||||||||||||||||||||"6787229"|"18863169"
"H2"||"H"||2||33|||147|||||0|0|0|0|0|3|95|100|100|92.5|100|100|55|90|100|27|68|80||45|||4|||5.7|||7.8|||14.1|||13.4|||28.5||||||||18|26.5|35||||0|0|0||||1.35|1.5|1.6|||||1.71|||0.42|8|14|0.1|0.14|0.18|||||30.4|||15.9|||41||3|4.5|5.9|23|31|38|6|10|14|0|5|11|".28"|".28"|0|0|0|0|0|0|0|0|0|0|0|0|4.5|6.6|8.8|3.4|5|6.6|1|2.4|4.4|4.5|5|5.5|||||||||||||||||||||||||||||||||"6787229"|"18863220"
"H2"||"H"||2||86|||152|||||0|0|0|0|0|0|100|100|100|100|100|100|50|78|90|5|48|55||52|||4.3|||4.8|||11.1|||18.6|||13.2|||35.5||||||||0|12.5|30||||0|0|0||||1.45|1.55|1.65|||||1.62|||42|92|141|0.06|0.09|0.12|||||18.4|||8.7|||39||0|1.5|2.9|7|18|34|0|3|12|0|0|4|".17"|".17"|0|0|0|0|0|0|0|0|0|0|0|0|0|3.2|7.5|0|2.4|5.6|1|2.4|4.4|4.5|5|5.5|||||||||||||||||||||||||||||||||"6787220"|"18863046"
"H1"||"H"||1||0|||86|||||0|0|0|0|0|0|100|100|100|100|100|100|70|95|100|40|80|95||30.9|||2.6|||3.6|||5.1|||9.7|||9.9|||56.6||||||||7|12.5|35||||3|5|8||||1.3|1.4|1.55|||||1.46|||14|28|42|0.2|0.23|0.26|||||28.8|||13.6|||43||0|1.5|2.9|13|18|38|0|3|14|0|0|14|".17"|".17"|0|0|0|0|0|0|0|0|0|0|0|0|8.5|10.1|26.8|6.4|7.5|20.1|1|2.4|4.4|4.5|5|5.5|||||||||||||||||||||||||||||||||"6787220"|"18863199"
"H2"||"H"||2||33|||147|||||0|0|0|0|0|3|95|100|100|92.5|100|100|55|90|100|27|68|80||45|||4|||5.7|||7.8|||14.1|||13.4|||28.5||||||||18|26.5|35||||0|0|0||||1.35|1.5|1.6|||||1.71|||0.42|8|14|0.1|0.14|0.18|||||30.4|||15.9|||41||3|4.5|5.9|23|31|38|6|10|14|0|5|11|".28"|".28"|0|0|0|0|0|0|0|0|0|0|0|0|4.5|6.6|8.8|3.4|5|6.6|1|2.4|4.4|4.5|5|5.5|||||||||||||||||||||||||||||||||"6787218"|"18863041"
"H3"||"H"||3||147|||191|||||0|0|0|0|0|8|95|100|100|92.5|100|100|55|85|100|27|45|80||55.8|||1.3|||8.2|||14.8|||20.2|||11.3|||17.7||||||||18|26.5|35||||0|0|0||||1.3|1.4|1.5|||||1.46|||4|9|14|0.12|0.16|0.2|||||24|||15.6|||45||0|1.5|2.9|23|31|38|6|10|14|0|1|11|".24"|".24"|0|0|0|0|0|0|0|0|0|0|0|0|4.5|6.8|8.8|3.4|5.1|6.6|1|2.4|4.4|3.6|4.8|6|||||||||||||||||||||||||||||||||"6787218"|"18863093"
"H1"||"H"||1||0|||33|||||0|0|0|0|0|5|95|100|100|92.5|100|100|55|78|95|27|48|75||70.9|||0.1|||3.3|||16.1|||34|||17.4|||16.6||||||||7|12.5|18||||0.5|1.25|2||||1.3|1.35|1.4|||||1.41|||14|28|42|0.1|0.14|0.17|||||18.9|||9.2|||46||0|1.5|2.9|13|18|23|0|3|6|0|0|2|".28"|".28"|0|0|0|0|0|0|0|0|0|0|0|0|2.9|5.9|9|2.2|4.5|6.8|1|2.4|4.4|4.5|5|5.5|||||||||||||||||||||||||||||||||"6787218"|"18863194"
"H1"||"H"||1||0|||33|||||0|0|0|0|0|5|95|100|100|92.5|100|100|55|78|95|27|48|75||70.9|||0.1|||3.3|||16.1|||34|||17.4|||16.6||||||||7|12.5|18||||0.5|1.25|2||||1.3|1.35|1.4|||||1.41|||14|28|42|0.1|0.14|0.17|||||18.9|||9.2|||46||0|1.5|2.9|13|18|23|0|3|6|0|0|2|".28"|".28"|0|0|0|0|0|0|0|0|0|0|0|0|2.9|5.9|9|2.2|4.5|6.8|1|2.4|4.4|4.5|5|5.5|||||||||||||||||||||||||||||||||"6787256"|"18863027"
"H2"||"H"||2||33|||147|||||0|0|0|0|0|3|95|100|100|92.5|100|100|55|90|100|27|68|80||45|||4|||5.7|||7.8|||14.1|||13.4|||28.5||||||||18|26.5|35||||0|0|0||||1.35|1.5|1.6|||||1.71|||0.42|8|14|0.1|0.14|0.18|||||30.4|||15.9|||41||3|4.5|5.9|23|31|38|6|10|14|0|5|11|".28"|".28"|0|0|0|0|0|0|0|0|0|0|0|0|4.5|6.6|8.8|3.4|5|6.6|1|2.4|4.4|4.5|5|5.5|||||||||||||||||||||||||||||||||"6787256"|"18863079"
"H3"||"H"||3||147|||191|||||0|0|0|0|0|8|95|100|100|92.5|100|100|55|85|100|27|45|80||55.8|||1.3|||8.2|||14.8|||20.2|||11.3|||17.7||||||||18|26.5|35||||0|0|0||||1.3|1.4|1.5|||||1.46|||4|9|14|0.12|0.16|0.2|||||24|||15.6|||45||0|1.5|2.9|23|31|38|6|10|14|0|1|11|".24"|".24"|0|0|0|0|0|0|0|0|0|0|0|0|4.5|6.8|8.8|3.4|5.1|6.6|1|2.4|4.4|3.6|4.8|6|||||||||||||||||||||||||||||||||"6787256"|"18863130"
"H1"||"H"||1||0|||20|||||0|0|0|0|0|0|98|100|100|95|100|100|66|78|95|38|48|75||70.9|||0.1|||3.3|||16.1|||34|||17.4|||16.6||||||||8|12.5|20||||1|2|3||||1.3|1.45|1.6|||||1.52|||14|28|42|0.1|0.13|0.15|||||20.4|||10.9|||42||0|1.5|2.9|14|18|25|1|3|7|0|0|3|".20"|".20"|0|0|0|0|0|0|0|0|0|0|0|0|4.2|7.8|11.8|3.2|5.8|8.8|1|2.4|4.4|3.6|4.6|5.5|||||||||||||||||||||||||||||||||"6787241"|"18863044"
"H2"||"H"||2||20|||127|||||0|0|0|0|0|0|98|100|100|95|100|100|66|85|100|38|45|80||55.8|||1.3|||8.2|||14.8|||20.2|||11.3|||17.7||||||||18|26.5|35||||0|0|0||||1.3|1.4|1.5|||||1.46|||4|9|14|0.12|0.15|0.18|||||24|||15.6|||45||0|1.5|2.9|23|31|38|6|10|14|0|1|11|".20"|".20"|0|0|0|0|0|0|0|0|0|0|0|0|4.5|6.8|8.8|3.4|5.1|6.6|1|2.4|4.4|3.6|4.6|5.5|||||||||||||||||||||||||||||||||"6787241"|"18863096"
"H3"||"H"||3||127|||173|||||0|0|0|0|0|0|98|100|100|95|100|100|66|78|95|38|48|75||68.8|||0.1|||3.2|||15.6|||33|||16.9|||16.2||||||||12|15|35||||0|0|0||||1.3|1.45|1.6|||||1.52|||1.4|8|14|0.12|0.15|0.18|||||19.4|||9.8|||43||0|1.5|2.9|18|20|38|3|4|14|0|0|10|".20"|".20"|0|0|0|0|0|0|0|0|0|0|0|0|3|3.8|8.8|2.2|2.8|6.6|1|2.4|4.4|3.6|4.8|6|||||||||||||||||||||||||||||||||"6787241"|"18863147"
"H1"||"H"||1||0|||43|||||0|0|0|0|0|0|100|100|100|97.5|100|100|68|78|85|27|48|55||68.5|||0.3|||4.7|||15.2|||29.8|||18.5|||21.5||||||||4|10|20||||1|1.5|2||||1.2|1.35|1.5|||||1.41|||14|28|42|0.08|0.12|0.15|||||17.7|||8|||46||0|1.5|2.9|11|16|25|0|2|7|0|0|1|".20"|".20"|0|0|0|0|0|0|0|0|0|0|0|0|3.2|5.9|9.5|2.4|4.4|7.1|1|2.4|4.4|4.5|5|5.5|||||||||||||||||||||||||||||||||"6787238"|"18863088"
"H2"||"H"||2||43|||107|||||0|0|0|0|0|0|100|100|100|97.5|98|100|68|78|85|39|48|55||68.8|||0.1|||3.2|||15.6|||33|||16.9|||16.2||||||||10|15|20||||0|0|0||||1.25|1.35|1.45|||||1.41|||14|28|42|0.08|0.12|0.16|||||18.6|||9|||46||0|1.5|2.9|16|20|25|2|4|7|0|0|1|".17"|".17"|0|0|0|0|0|0|0|0|0|0|0|0|2.5|3.8|5|1.9|2.8|3.8|1|2.4|4.4|4.5|5|5.5|||||||||||||||||||||||||||||||||"6787238"|"18863139"
"H3"||"H"||3||107|||183|||||0|0|0|0|0|0|90|100|100|85|100|100|42|78|85|4|37|55||83.5|||0|||1.9|||14.5|||44|||23.1|||9.5||||||||2|7|20||||0|0|0||||1.35|1.45|1.55|||||1.52|||42|92|141|0.04|0.07|0.1||19.4|||13.8|||4.6|||43||0|1.5|2.9|9|13|25|0|0|7|0|0|1|".17"|".17"|0|0|0|0|0|0|0|0|0|0|0|0|0.3|1.8|5|0.2|1.3|3.8|1|2.4|4.4|4.5|5.5|6.5|||||||||||||||||||||||||||||||||"6787238"|"18863190"
"H2"||"H"||2||28|||132|||||0|0|0|0|0|0|85|100|100|80|100|100|64|95|100|28|85|95||35|||2.8|||3.3|||6.6|||12.2|||10.1|||22.5||||||||30|42.5|60||||0|0|0||||1.45|1.53|1.6|||||1.75|||1.4|3|4|0.12|0.16|0.19|||||34.7|||23.5|||40||3|4.5|5.9|34|45|61|12|18|27|0|16|31|".28"|".28"|0|0|0|0|0|0|0|0|0|0|0|0|7.5|10.6|15|5.6|8|11.2|1|2.4|4.4|3.6|4.5|5.5|||||||||||||||||||||||||||||||||"6787245"|"18863105"
"H3"||"H"||3||132|||152|||||0|0|0|0|0|0|85|100|100|80|100|100|40|65|90|4|35|55||65|||4.3|||13.9|||17.2|||19.3|||10.3|||20||||||||5|15|30||||0|0|0||||1.3|1.4|1.5|||||1.46|||4|9|14|0.12|0.15|0.18|||||18.5|||8.8|||45||0|1.5|2.9|12|20|34|0|4|12|0|0|4|".24"|".24"|0|0|0|0|0|0|0|0|0|0|0|0|1.2|3.8|7.5|0.9|2.8|5.6|1|2.4|4.4|4.5|5.3|6|||||||||||||||||||||||||||||||||"6787245"|"18863156"
"H1"||"H"||1||0|||28|||||0|0|0|0|0|0|85|100|100|80|100|100|56|90|100|32|68|90||45|||4.4|||6|||8|||13.9|||12.7|||40||||||||10|15|34||||0.5|0.75|1||||1.35|1.43|1.5|||||1.5|||14|28|42|0.08|0.12|0.15|||||25.4|||9.6|||43||0|1.5|2.9|16|20|30|2|4|10|0|0|8|".28"|".28"|0|0|0|0|0|0|0|0|0|0|0|0|3.6|5.4|8.5|2.7|4.1|6.4|1|2.4|4.4|3.6|4.5|5.5|||||||||||||||||||||||||||||||||"6787245"|"18863207"
"H1"||"H"||1||0|||61|||||0|0|0|0|0|0|80|100|100|77.5|100|100|40|55|70|15|22.5|30||77.4|||0|||1.9|||12.6|||38.4|||24.5|||16.1||||||||3|6.5|10||||0.25|1.5|3||||1.3|1.5|1.7|||||1.57|||42|92|141|0.05|0.08|0.1||21.5|||16.2|||6.6|||41||0|1.5|2.9|10|13|16|0|0|2|0|0|0|".10"|".10"|0|0|0|0|0|0|0|0|0|0|0|0|1.2|5.1|9.2|0.9|3.8|6.9|1|2.4|4.4|4.5|5|5.5|||||||||||||||||||||||||||||||||"6787239"|"18863039"
"H2"||"H"||2||61|||142|||||0|0|0|0|0|0|80|100|100|77.5|100|100|46|85|100|23|45|95||57|||1.3|||8.4|||15.1|||20.7|||11.5|||18||||||||8|25|50||||0|0|0||||1.4|1.5|1.6|||||1.57|||4|9|14|0.1|0.13|0.15|||||24.1|||15.8|||41||0|1.5|2.9|14|30|52|1|10|22|0|1|25|".24"|".24"|0|0|0|0|0|0|0|0|0|0|0|0|2|6.2|12.5|1.5|4.7|9.4|1|2.4|4.4|4.5|5|5.5|||||||||||||||||||||||||||||||||"6787239"|"18863091"
"H3"||"H"||3||142|||165|||||0|0|0|0|0|0|80|100|100|77.5|100|100|46|65|95|23|35|60||65|||4|||14.2|||18|||19.3|||9.5|||17||||||||12|18|40||||0|0|0||||1.4|1.5|1.6|||||1.71|||1.4|8|14|0.1|0.13|0.16|||||20.8|||11.3|||41||3|4.5|5.9|18|23|43|3|6|17|0|0|3|".28"|".28"|0|0|0|0|0|0|0|0|0|0|0|0|3|4.5|10|2.2|3.4|7.5|1|2.4|4.4|4.5|5|5.5|||||||||||||||||||||||||||||||||"6787239"|"18863142"
"H2"||"H"||2||23|||135|||||0|0|0|0|0|0|100|100|100|97.5|100|100|83|95|100|44|85|95||23.3|||3.2|||3.7|||4.3|||6.5|||5.6|||29.2||||||||30|47.5|60||||0|0|0||||1.3|1.38|1.45|||||1.57|||0.42|1|1.4|0.12|0.14|0.15|||||38.9|||25.5|||46||3|4.5|5.9|34|50|61|12|21|27|2|20|31|".32"|".32"|0|0|0|0|0|0|0|0|0|0|0|0|7|12|15|5.6|9|11.2|1|2.4|4.4|3.6|4.6|5.5|||||||||||||||||||||||||||||||||"6787227"|"18863062"
"H3"||"H"||3||135|||203|||||0|0|0|0|0|0|100|100|100|97.5|100|100|49|85|100|14|45|55||57|||1.3|||8.4|||15.1|||20.7|||11.5|||18||||||||5|25|35||||0|0|0||||1.35|1.48|1.6|||||1.55|||1.4|22|42|0.08|0.11|0.14|||||23.9|||15.5|||42||0|1.5|2.9|12|30|38|0|10|14|0|1|5|".32"|".32"|0|0|0|0|0|0|0|0|0|0|0|0|1.2|6.2|8.8|0.9|4.7|6.6|1|2.4|4.4|3.6|4.6|5.5|||||||||||||||||||||||||||||||||"6787227"|"18863114"
"H1"||"H"||1||0|||23|||||0|0|0|0|0|0|100|100|100|97.5|100|100|58|78|100|29|48|90||68.5|||0|||2.4|||14.8|||34.3|||17|||14.5||||||||7|17|27||||0.5|1.25|2||||1.3|1.38|1.45|||||1.44|||1.4|8|14|0.12|0.14|0.15|||||21.4|||12.2|||45||0|1.5|2.9|13|22|31|0|6|10|0|0|8|".32"|".32"|0|0|0|0|0|0|0|0|0|0|0|0|2.9|7.1|11.2|2.2|5.3|8.4|1|2.4|4.4|3.6|5.1|6.5|||||||||||||||||||||||||||||||||"6787227"|"18863215"
"H3"||"H"||3||135|||203|||||0|0|0|0|0|0|100|100|100|97.5|100|100|49|85|100|14|45|55||57|||1.3|||8.4|||15.1|||20.7|||11.5|||18||||||||5|25|35||||0|0|0||||1.35|1.48|1.6|||||1.55|||1.4|22|42|0.08|0.11|0.14|||||23.9|||15.5|||42||0|1.5|2.9|12|30|38|0|10|14|0|1|5|".32"|".32"|0|0|0|0|0|0|0|0|0|0|0|0|1.2|6.2|8.8|0.9|4.7|6.6|1|2.4|4.4|3.6|4.6|5.5|||||||||||||||||||||||||||||||||"6787216"|"18863036"
"H1"||"H"||1||0|||23|||||0|0|0|0|0|0|100|100|100|97.5|100|100|58|78|100|29|48|90||68.5|||0|||2.4|||14.8|||34.3|||17|||14.5||||||||7|17|27||||0.5|1.25|2||||1.3|1.38|1.45|||||1.44|||1.4|8|14|0.12|0.14|0.15|||||21.4|||12.2|||45||0|1.5|2.9|13|22|31|0|6|10|0|0|8|".32"|".32"|0|0|0|0|0|0|0|0|0|0|0|0|2.9|7.1|11.2|2.2|5.3|8.4|1|2.4|4.4|3.6|5.1|6.5|||||||||||||||||||||||||||||||||"6787216"|"18863138"
"H2"||"H"||2||23|||135|||||0|0|0|0|0|0|100|100|100|97.5|100|100|83|95|100|44|85|95||23.3|||3.2|||3.7|||4.3|||6.5|||5.6|||29.2||||||||30|47.5|60||||0|0|0||||1.3|1.38|1.45|||||1.57|||0.42|1|1.4|0.12|0.14|0.15|||||38.9|||25.5|||46||3|4.5|5.9|34|50|61|12|21|27|2|20|31|".32"|".32"|0|0|0|0|0|0|0|0|0|0|0|0|7|12|15|5.6|9|11.2|1|2.4|4.4|3.6|4.6|5.5|||||||||||||||||||||||||||||||||"6787216"|"18863189"
